--- Page 1 (parsed text) --Rabat, le 20 janvier 2021
CIRCULAIRE N° 6151/223
Objet: - Accord Commercial et Tarifaire entre le Maroc et la République Islamique de
Mauritanie.
- Modification des codifications douanières figurant sur les listes annexées à la
circulaire d’application de l’Accord suite à la modification de la nomenclature du
tarif des droits de douane.
- Arrêté du Ministre de l’Economie, des Finances et de la Réforme de
l’Administration n° 3280. 20 du 29 décembre 2020 (BO n° 6948 du 31 décembre
2020) modifiant la nomenclature du tarif des droits de douanes
Réf. : - Circulaire de base n° 3943/312 du 15 octobre 1986 telle que modifiée.
- Circulaire n° 6135/211 du 31 décembre 2020.
Par circulaire n° 6135/211 visée en référence, le service a été informé de la modification de
certaines codifications du tarif des droits de douane.
Ces modifications ont eu des répercussions sur les codifications douanières figurant sur la liste B
annexée à la circulaire d’application de l’Accord Commercial et Tarifaire conclu avec la République
Islamique de Mauritanie, mentionnée en référence.
En conséquence, la liste B annexée à la présente a été actualisée pour tenir compte de ces
modifications.
Le Directeur Général de
l’Administration
Douanes et Impôts
Indirects
AKHDAR
SGIA/Diffusion/20-01-21/15h55
[Note: 5 image(s) found on this page. ]
--- Page 2 (parsed text) --1
Liste B
Produits originaires et en provenance de la République Islamique de Mauritanie,
admis au Royaume du Maroc en franchise du droit de douane
Codification douanière
Désignation des produits
0102. 21. 00. 00
Bovins
0102. 29. 10. 00
0102. 29. 21. 00
0102. 29. 22. 00
0102. 29. 29. 00
0102. 29. 31. 00
0102. 29. 39. 00
0102. 29. 41. 00
0102. 29. 49. 00
0102. 29. 90. 00
0102. 31. 00. 10
0102. 31. 00. 90
0102. 39. 00. 10
0102. 39. 00. 90
0102. 90. 00. 10
0102. 90. 00. 90
0104. 10
Ovins et caprins
0104. 20
0105. 11
0105. 12
0105. 13
0105. 14
0105. 15
0105. 94. 00. 00
0105. 99
volailles
Ex 0106. 13. 10. 00
Camelins
Ex 0106. 13. 90. 10
0302. 11
Poissons frais, réfrigérés ou congelés
0302. 13
0302. 14
0302. 19
0302. 21
0302. 23
0302. 24
0302. 29
0302. 31
0302. 32
0302. 33
0302. 34
0302. 35
0302. 36
0302. 39
--- Page 3 (parsed text) --2
Codification douanière
Désignation des produits
0302. 41
Poissons frais, réfrigérés ou congelés
0302. 42
0302. 43
0302. 44
0302. 45
0302. 46
0302. 47
0302. 49. 00. 00
0302. 51
0302. 52
0302. 53
0302. 54
0302. 55
0302. 56
0302. 59
0302. 71
0302. 72
0302. 73
0302. 74
0302. 79
0302. 81
0302. 82
0302. 83
0302. 84
0302. 85
0302. 89
0302. 91
0302. 92. 00. 00
0302. 99. 00. 10
0302. 99. 00. 90
0303. 11
0303. 12. 00. 00
0303. 13. 00. 00
0303. 14. 00. 00
0303. 19. 00. 20
0303. 19. 00. 80
0303. 23. 00. 00
0303. 24. 00. 00
0303. 25. 00. 00
0303. 26. 00. 20
0303. 26. 00. 80
0303. 29. 00. 00
0303. 31
0303. 32
0303. 33
0303. 34. 00. 00
0303. 39. 00. 00
--- Page 4 (parsed text) --3
Codification douanière
Désignation des produits
0303. 41
Poissons frais, réfrigérés ou congelés
0303. 42
0303. 43
0303. 44
0303. 45. 00. 00
0303. 46
0303. 49. 00. 00
0303. 51. 00. 00
0303. 53. 00. 11
0303. 53. 00. 15
0303. 53. 00. 19
0303. 53. 00. 80
0303. 54. 00. 00
0303. 55. 00. 00
0303. 56. 00. 00
0303. 57. 00. 00
0303. 59. 00. 10
0303. 59. 00. 90
0303. 63. 00. 00
0303. 64. 00. 00
0303. 65. 00. 00
0303. 66. 00. 00
0303. 67. 00. 00
0303. 68. 00. 00
0303. 69. 00. 20
0303. 69. 00. 93
0303. 69. 00. 99
0303. 81. 00. 00
0303. 82. 00. 00
0303. 83. 00. 00
0303. 84. 00. 00
0303. 89. 00. 20
0303. 89. 00. 92
0303. 89. 00. 94
0303. 89. 00. 98
0303. 91. 00. 10
0303. 91. 00. 90
0303. 92. 00. 00
0303. 99. 00. 10
0303. 99. 00. 90
0304. 31. 00. 00
0304. 32. 00. 00
0304. 33. 00. 00
0304. 39. 00. 10
0304. 39. 00. 80
0304. 41. 00. 00
0304. 42. 00. 00
--- Page 5 (parsed text) --4
Codification douanière
Désignation des produits
0304. 43. 00. 00
Poissons frais, réfrigérés ou congelés
0304. 44. 00. 00
0304. 45. 00. 00
0304. 46. 00. 00
0304. 47. 00. 00
0304. 48. 00. 00
0304. 49. 00. 11
0304. 49. 00. 12
0304. 49. 00. 17
0304. 49. 00. 91
0304. 49. 00. 92
0304. 49. 00. 93
0304. 49. 00. 94
0304. 49. 00. 95
0304. 49. 00. 97
0304. 51. 00. 00
0304. 52. 00. 00
0304. 53. 00. 10
0304. 53. 00. 20
0304. 53. 00. 90
0304. 54. 00. 00
0304. 55. 00. 00
0304. 56. 00. 00
0304. 57. 00. 00
0304. 59. 00. 12
0304. 59. 00. 13
0304. 59. 00. 17
0304. 59. 00. 21
0304. 59. 00. 22
0304. 59. 00. 23
0304. 59. 00. 24
0304. 59. 00. 25
0304. 59. 00. 26
0304. 59. 00. 28
0304. 59. 00. 29
0304. 59. 00. 31
0304. 59. 00. 32
0304. 59. 00. 90
0304. 61. 00. 00
0304. 62. 00. 00
0304. 63. 00. 00
0304. 69. 00. 10
0304. 69. 00. 80
0304. 71. 00. 00
0304. 72. 00. 00
0304. 73. 00. 00
0304. 74. 00. 00
--- Page 6 (parsed text) --5
Codification douanière
Désignation des produits
0304. 75. 00. 00
Poissons frais, réfrigérés ou congelés
0304. 79. 00. 10
0304. 79. 00. 90
0304. 81. 00. 00
0304. 82. 00. 00
0304. 83. 00. 00
0304. 84. 00. 00
0304. 85. 00. 00
0304. 86. 00. 00
0304. 87. 00. 00
0304. 88. 00. 00
0304. 89. 00. 11
0304. 89. 00. 12
0304. 89. 00. 17
0304. 89. 00. 91
0304. 89. 00. 92
0304. 89. 00. 93
0304. 89. 00. 97
0304. 91. 00. 00
0304. 92. 00. 00
0304. 93. 00. 00
0304. 94. 00. 00
0304. 95. 00. 10
0304. 95. 00. 20
0304. 95. 00. 90
0304. 96. 00. 00
0304. 97. 00. 00
0304. 99. 00. 11
0304. 99. 00. 12
0304. 99. 00. 13
0304. 99. 00. 19
0304. 99. 00. 21
0304. 99. 00. 22
0304. 99. 00. 23
0304. 99. 00. 24
0304. 99. 00. 25
0304. 99. 00. 26
0304. 99. 00. 28
0304. 99. 00. 29
0304. 99. 00. 32
0304. 99. 00. 33
0304. 99. 00. 90
Ex 0303. 90. 00. 90
Poutargue (œufs de Mulet)
0305. 10
Poissons simplement salés en saumure, séchés ou fumés
0305. 20
0305. 31. 00. 00
0305. 32. 00. 10
--- Page 7 (parsed text) --6
Codification douanière
Désignation des produits
0305. 32. 00. 90
Poissons simplement salés en saumure, séchés ou fumés
0305. 39. 00. 10
0305. 39. 00. 20
0305. 39. 00. 30
0305. 39. 00. 80
0305. 41. 00. 00
0305. 42. 00. 00
0305. 43. 00. 00
0305. 44. 00. 00
0305. 49. 10. 00
0305. 49. 20. 00
0305. 49. 30. 00
0305. 49. 80. 00
0305. 51. 00. 00
0305. 52. 00. 00
0305. 53. 00. 00
0305. 54. 00. 10
0305. 54. 00. 20
0305. 54. 00. 39
0305. 54. 00. 90
0305. 59. 00. 19
0305. 59. 00. 20
0305. 59. 00. 60
0305. 59. 00. 70
0305. 59. 00. 85
0305. 61. 00. 00
0305. 62. 00. 00
0305. 63. 00. 00
0305. 64. 00. 00
0305. 69. 00. 17
0305. 69. 00. 93
0305. 69. 00. 95
0305. 69. 00. 98
0305. 71. 00. 00
0305. 72. 00. 00
0305. 79. 00. 00
0306. 11
Crustacés et mollusques
0306. 12
0306. 14. 00. 90
0306. 15. 00. 90
0306. 16. 00. 11
0306. 16. 00. 12
0306. 16. 00. 19
0306. 16. 00. 90
0306. 17. 00. 90
0306. 19. 00. 20
0306. 19. 00. 93
--- Page 8 (parsed text) --7
Codification douanière
Désignation des produits
0306. 19. 00. 97
Crustacés et mollusques
0306. 31
0306. 32
0306. 33. 00. 00
0306. 34. 00. 00
0306. 35. 00. 11
0306. 35. 00. 12
0306. 35. 00. 19
0306. 35. 00. 90
0306. 36. 00. 00
0306. 39. 00. 10
0306. 91
0306. 92
0306. 93. 00. 90
0306. 94. 00. 90
0306. 95. 00. 21
0306. 95. 00. 22
0306. 95. 00. 29
0306. 95. 00. 30
0306. 95. 00. 90
0306. 99. 00. 20
0307. 11. 10. 00
0307. 11. 20. 00
0307. 11. 30. 00
0307. 11. 40. 00
0307. 11. 90. 00
0307. 12. 00. 90
0307. 19. 00. 90
0307. 21
0307. 22. 00. 90
0307. 29. 00. 80
0307. 31. 00. 00
0307. 32. 00. 90
0307. 39. 00. 80
0307. 42
Ex 0307. 43. 10. 00
0307. 43. 90. 10
0307. 43. 90. 20
0307. 43. 90. 31
0307. 43. 90. 39
0307. 43. 90. 40
Ex 0307. 49. 10. 00
0307. 49. 90. 10
0307. 49. 90. 20
0307. 49. 90. 31
0307. 49. 90. 39
0307. 49. 90. 40
--- Page 9 (parsed text) --8
Codification douanière
Désignation des produits
0307. 51. 00. 00
Crustacés et mollusques
0307. 52. 00. 90
0307. 59. 00. 80
0307. 60. 00. 90
0307. 71. 00. 10
0307. 71. 00. 90
Ex 0307. 72. 00. 90
Ex 0307. 79. 00. 80
0307. 81. 00. 10
0307. 81. 00. 90
0307. 82. 00. 10
0307. 82. 00. 90
Ex 0307. 83. 00. 90
0307. 84. 00. 90
Ex 0307. 87. 00. 90
0307. 88. 00. 90
0307. 91. 00. 20
0307. 91. 00. 80
0307. 92. 00. 90
0307. 99. 00. 70
0401
Laits et produits laitiers
0402
0403
0404
0405
0406
0511. 91. 11. 00
Déchets de poissons
0511. 91. 19. 00
Chapitre 06
Plantes vivantes et produits de la floriculture
Chapitre 10
Céréales
0709. 99. 00. 10
0712. 90. 10. 10
0712. 90. 10. 90
0804. 10. 00. 00
Dattes
Ex 0709. 60
Epices
Ex 0711. 90
0904. 11
0904. 12
0904. 21. 00. 10
0904. 21. 00. 20
0904. 21. 00. 30
0904. 21. 00. 90
0904. 22. 00. 10
0904. 22. 00. 20
0904. 22. 00. 90
0905. 10. 00. 00
0905. 20. 00. 00
--- Page 10 (parsed text) --9
Codification douanière
Désignation des produits
0906. 11. 00. 00
Epices
0906. 19. 00. 00
0906. 20. 00. 00
0907. 10. 00. 00
0907. 20. 00. 00
0908. 11. 00. 00
0908. 12. 00. 00
0908. 21. 00. 00
0908. 22. 00. 00
0908. 31. 00. 00
0908. 32. 00. 00
0909. 21. 00. 00
0909. 22. 00. 00
0909. 31. 00. 00
0909. 32. 00. 00
0909. 61. 00. 10
0909. 61. 00. 20
0909. 61. 00. 30
0909. 61. 00. 41
0909. 61. 00. 48
0909. 61. 00. 90
0909. 62. 00. 10
0909. 62. 00. 20
0909. 62. 00. 30
0909. 62. 00. 40
0909. 62. 00. 90
0910. 11. 00. 10
1504. 200910. 11. 00. 90
0910. 12. 00. 00
0910. 20
0910. 30
0910. 91
0910. 99
1101. 00
Produits de la minoterie
1102. 20
1102. 90
1102. 90. 80. 00
1103. 11
1103. 13
Ex 1103. 19
Ex 1103. 20
1104. 12
1104. 19
1104. 22
1104. 23
1104. 29
1105. 10
--- Page 11 (parsed text) --10
Codification douanière
Désignation des produits
1105. 20
Produits de la minoterie
1106. 10
1106. 20
1106. 30
1301. 20. 00. 00
Gomme arabique
1504. 10. 10
Huile de poissons
1504. 10. 91
1504. 10. 99
Ex 1504. 20. 10. 00
Ex 1504. 20. 91. 00
Ex 1504. 20. 99. 00
Ex 1516. 10. 10. 10
Ex 1516. 10. 10. 90
Ex 1516. 10. 21. 00
Ex 1516. 10. 29. 00
Ex 1516. 10. 90. 10
Ex 1516. 10. 90. 20
Ex 1516. 10. 90. 30
Ex 1516. 10. 90. 90
1604. 13. 00. 11
Thon et sardines en conserve
Ex 1604. 13. 00. 90
1604. 14. 00. 11
Ex 1604. 14. 00. 99
1704. 90. 99. 91
Bonbons
1704. 90. 99. 99
1902. 11. 00. 10
Pâtes alimentaires, Couscous, Biscuits
1902. 11. 00. 20
1902. 11. 00. 30
1902. 11. 00. 90
1902. 19. 00. 11
1902. 19. 00. 19
1902. 19. 00. 91
1902. 19. 00. 99
1902. 40. 11. 10
1902. 40. 11. 91
1902. 40. 11. 99
1902. 40. 91. 10
1902. 40. 91. 91
1902. 40. 91. 99
1905. 31. 10
1905. 31. 90
1905. 32. 10
1905. 32. 90
1905. 90. 99. 40
1905. 90. 99. 97
2201. 10. 00. 11
Eau minérale
--- Page 12 (parsed text) --11
Codification douanière
Désignation des produits
2201. 10. 00. 19
Eau minérale
Ex 2301. 20. 00. 00
Farine de poissons
2304. 00
Tourteaux et autres préparations pour l’alimentation du bétail
2305. 00
2306. 10
2306. 20
2306. 30
2306. 41
2306. 49
2306. 50
2306. 60
2306. 90
Ex 2309. 90. 10. 00
Ex 2309. 90. 90. 10
Ex 2309. 90. 90. 20
Ex 2309. 90. 90. 30
Ex 2309. 90. 90. 40
Ex 2309. 90. 90. 50
Ex 2309. 90. 90. 60
Ex 2309. 90. 90. 70
Ex 2309. 90. 90. 81
Ex 2309. 90. 90. 89
Ex 2520. 10. 00. 00
Gypse
2520. 20. 11
Plâtre
2520. 20. 19
2520. 20. 90
2601. 11. 00. 00
Minerai de fer
2601. 12. 00. 00
2603. 00. 00. 00
Minerai de cuivre
2711. 12. 00. 10
Gaz (oxygène, propane et butane)
2711. 12. 00. 90
2711. 13. 00. 10
2711. 13. 00. 90
2804. 40. 00. 00
1702. 50. 00. 00
Produits chimiques
1702. 90. 21. 00
1702. 90. 91. 00
2519. 90. 10. 00
Chapitres 28 et 29 sauf:
- 2834. 29. 10;
- 2839. 90. 00. 21;
- 2839. 90. 00. 29;
- 2844. 10. 10;
- 2844. 30. 10;
- 2844. 40. 00. 10.
Ex 3002. 13. 00. 10
--- Page 13 (parsed text) --12
Codification douanière
Désignation des produits
Ex 3002. 14. 00. 10
Produits chimiques
Ex 3002. 15. 00. 10
Ex 3002. 90. 05. 00
Ex 3006. 92. 21. 31
Ex 3006. 92. 21. 41
Ex 3006. 92. 21. 51
Ex 3006. 92. 29. 05
Ex 3102. 50. 00. 00 (1)
Ex 3102. 90. 00. 00 (2)
3104. 30. 90. 00
3104. 90. 20. 00
3105. 10. 10. 10
3105. 10. 10. 20
3105. 10. 10. 90
3507. 10. 00. 00
7405. 00. 10. 00
3824. 99. 10. 00
7202. 99. 10. 00
3208. 10. 00. 10
Peintures et Vernis
3208. 10. 00. 90
3209. 10. 00. 10
3209. 10. 00. 90
3210. 00. 90. 00
3303. 00. 00. 10
Parfums et produits cosmétiques
3303. 00. 00. 20
3303. 00. 00. 30
3303. 00. 00. 90
3304. 10
3304. 20
3304. 30
3304. 91
3304. 99
3305. 10
3305. 20
3305. 30
3305. 90
3306. 10
3306. 20
3306. 90
3307. 10
3307. 20
3307. 30
(1): les produits chimiques concernés par la concession se limite en nitrate de sodium autres que
naturel.
(2): les cyanamides calcique et les nitrates de calcium et de magnésium relevant de la sous position
3102. 90 ne sont pas concernés par la présente concession.
--- Page 14 (parsed text) --13
Codification douanière
Désignation des produits
3307. 41
Parfums et produits cosmétiques
3307. 49
3307. 90
Ex 3401. 20. 90. 10
Ex 3401. 11. 61. 00
Savons de toilette et savon de ménage
3401. 11. 69. 10
Ex 3401. 11. 69. 90
3401. 19. 50. 10
3401. 20. 10. 00
3401. 20. 20. 00
3401. 20. 90. 10
3401. 20. 90. 20
3401. 20. 90. 31
3401. 20. 90. 39
3401. 20. 90. 91
3401. 20. 90. 99
3401. 11
Détergents
3401. 19
3402. 11
3402. 12
3402. 13
3402. 19
3402. 20
3402. 90
Ex 3406. 00. 00. 00
Bougies
3605. 00. 00. 10
Allumettes
3605. 00. 00. 90
3808. 52. 10. 00
Insecticides, fongicides, pesticides
3808. 52. 90. 00
3808. 59. 10. 11
3808. 59. 10. 19
3808. 59. 10. 90
3808. 59. 20. 11
3808. 59. 20. 19
3808. 59. 20. 90
3808. 59. 30. 11
3808. 59. 30. 19
3808. 59. 30. 21
3808. 59. 30. 29
3808. 59. 30. 90
3808. 61. 10. 00
3808. 61. 90. 00
3808. 62. 10. 10
3808. 62. 10. 90
3808. 62. 90. 10
--- Page 15 (parsed text) --14
Codification douanière
Désignation des produits
3808. 62. 90. 20
Insecticides, fongicides, pesticides
3808. 62. 90. 90
3808. 69. 10. 00
3808. 69. 20. 00
3808. 69. 90. 00
3808. 91. 11. 00
3808. 91. 19. 20
3808. 91. 19. 91
3808. 91. 19. 97
3808. 91. 20. 00
3808. 91. 80. 30
3808. 91. 80. 40
3808. 91. 80. 90
3808. 92. 10. 00
3808. 92. 21. 00
3808. 92. 29. 00
3808. 92. 91. 20
3808. 92. 91. 91
3808. 92. 91. 99
3808. 92. 99. 10
3808. 92. 99. 80
3808. 93. 12. 00
3808. 93. 18. 00
3808. 93. 91. 20
3808. 93. 91. 91
3808. 93. 91. 99
3808. 93. 99. 10
3808. 93. 99. 80
Ex 3917. 23. 00. 10
Tuyaux en PVC
3917. 23. 00. 20
Ex 3917. 31. 10. 90
3917. 31. 30. 19
Ex 3917. 32. 10. 90
3917. 32. 39. 18
Ex 3917. 33. 00. 90
Ex 3917. 39. 10. 90
3917. 39. 30. 19
Ex 3917. 21. 00. 10
Tubes en matières plastiques à usage électrique
Ex 3917. 21. 00. 92
Ex 3917. 21. 00. 94
Ex 3917. 21. 00. 98
Ex 3917. 21. 00. 10
Tuyaux d’arrosage
Ex 3917. 21. 00. 92
Ex 3917. 21. 00. 94
Ex 3917. 21. 00. 98
Ex 4101. 20. 12. 00
Peaux et cuir
Ex 4101. 20. 18. 10
--- Page 16 (parsed text) --15
Codification douanière
Désignation des produits
Ex 4101. 20. 18. 21
Peaux et cuir
Ex 4101. 20. 18. 29
Ex 4101. 20. 18. 31
Ex 4101. 20. 18. 39
Ex 4101. 20. 18. 41
Ex 4101. 20. 18. 49
Ex 4101. 20. 18. 51
Ex 4101. 20. 18. 59
Ex 4101. 20. 18. 91
Ex 4101. 20. 18. 92
Ex 4101. 20. 18. 99
Ex 4101. 20. 70. 00
Ex 4101. 20. 95. 00
Ex 4101. 20. 96. 00
Ex 4101. 20. 97. 00
Ex 4101. 20. 98. 00
Ex 4101. 50
Ex 4101. 90. 12. 00
Ex 4101. 90. 80. 11
Ex 4101. 90. 80. 12
Ex 4101. 90. 80. 19
Ex 4101. 90. 80. 21
Ex 4101. 90. 80. 22
Ex 4101. 90. 80. 29
Ex 4101. 90. 80. 31
Ex 4101. 90. 80. 39
Ex 4101. 90. 80. 41
Ex 4101. 90. 80. 49
Ex 4101. 90. 80. 51
Ex 4101. 90. 80. 59
Ex 4101. 90. 80. 61
Ex 4101. 90. 80. 62
Ex 4101. 90. 80. 69
Ex 4101. 90. 80. 95
Ex 4101. 90. 80. 96
Ex 4101. 90. 80. 97
Ex 4101. 90. 80. 98
4102. 10
Ex 4102. 21
Ex 4102. 29
Ex 4103. 20
Ex 4103. 30
Ex 4103. 90
4103. 90. 10. 10
4103. 90. 10. 91
4103. 90. 10. 92
4103. 90. 10. 93
--- Page 17 (parsed text) --16
Codification douanière
Désignation des produits
4103. 90. 10. 99
Peaux et cuir
Ex 4104. 11
Ex 4104. 19
Ex 4104. 41
Ex 4104. 49
Ex 4105. 10
4105. 30
Ex 4106. 21
4106. 22
4106. 31
4106. 32
4106. 40
4106. 91
4106. 92
4107. 11
4107. 12
4107. 19
4107. 91
4107. 92
4107. 99
4113. 10
4113. 20
4113. 30
4113. 90
4114. 10
4114. 20
Ex 3918. 10. 00. 90
Articles et ouvrages en papier et articles de librairie
Ex 3918. 90. 90. 90
Ex 3919. 10. 90. 00
Ex 3919. 90. 90. 90
Chapitre 48 et 49
Ex 5603. 11
Ex 5603. 12
Ex 5603. 13
Ex 5603. 14
Ex 5603. 91
Ex 5603. 92
Ex 5603. 93
Ex 5603. 94
Ex 9405. 10
Ex 9405. 20
Ex 9405. 30
Ex 9405. 40
Ex 9405. 50
Ex 9405. 60
Ex 9405. 99
9619. 00. 10. 11
--- Page 18 (parsed text) --17
Codification douanière
Désignation des produits
9619. 00. 10. 12
Articles et ouvrages en papier et articles de librairie
9619. 00. 10. 90
Ex 9701. 90. 90. 00
6301. 10
Couvertures
6301. 20
6301. 30
6301. 40
6301. 90
6403. 12
Chaussures
6403. 19
6403. 20
6403. 40
6403. 51
6403. 59
6403. 91. 00. 05
6403. 91. 00. 22
6403. 91. 00. 28
6403. 91. 00. 50
6403. 91. 00. 92
6403. 91. 00. 98
6403. 99. 00. 05
6403. 99. 00. 35
6403. 99. 00. 42
6403. 99. 00. 48
6403. 99. 00. 55
6403. 99. 00. 65
6403. 99. 00. 92
6403. 99. 00. 98
6404. 11
6404. 19
6404. 20
6405. 10
6405. 20
6405. 90
7210. 20. 21. 00
Tôles ondulées
Ex 7210. 20. 29. 00
7210. 30. 00. 21
Ex 7210. 30. 00. 29
7210. 30. 00. 41
Ex 7210. 30. 00. 49
7210. 41. 10. 00
7210. 41. 20. 00
7210. 41. 90. 00
Ex 7212. 10. 21. 10
Ex 7212. 10. 21. 90
Ex 7212. 10. 91. 10
Ex 7212. 10. 91. 90
--- Page 19 (parsed text) --18
Codification douanière
Désignation des produits
Ex 7212. 20. 00. 21
Tôles ondulées
Ex 7212. 20. 00. 29
Ex 7212. 20. 00. 91
Ex 7212. 20. 00. 93
Ex 7212. 30. 21. 00
Ex 7212. 40. 31. 00
Ex 7212. 40. 91. 00
Ex 7212. 50. 31. 00
Ex 7212. 50. 32. 00
Ex 7212. 50. 33. 00
Ex 7212. 50. 39. 00
Ex 7212. 50. 52. 00
Ex 7212. 50. 59. 00
Ex 7212. 50. 61. 00
Ex 7212. 50. 62. 00
Ex 7212. 50. 63. 00
Ex 7212. 50. 64. 00
Ex 7212. 50. 69. 00
Ex 7212. 60. 21. 00
Ex 7212. 60. 29. 00
Ex 7212. 60. 91. 10
Ex 7212. 60. 91. 90
7214. 99. 91. 00
Fer à béton toutes dimensions confondues
Ex 7310. 10
Arrosoirs et accessoires pour jardinage
Ex 7310. 21
Ex 7310. 29
Ex 7325. 10
Ex 7325. 99
Ex 7326. 19
Ex 7326. 20
Ex 7326. 90
Ex 8307. 10
Ex 8307. 90
Ex 7314. 20. 00. 10
Grillages en fer
Ex 7314. 20. 00. 90
Ex 7314. 31. 00. 00
Ex 7314. 39. 00. 10
Ex 7314. 39. 00. 90
7314. 41. 00. 10
Ex 7314. 41. 00. 90
Ex 7314. 42. 00. 00
7314. 49. 00. 10
Ex 7314. 49. 00. 90
7317. 00. 10. 10
Pointes
Ex 7415. 10. 00. 90
9404. 10. 00. 10
Sommiers
--- Page 20 (parsed text) --19
Codification douanière
Désignation des produits
9404. 10. 00. 90
Sommiers
Divers
Produits de l’artisanat