--- Page 1 (parsed text) --1
Rabat, le 29 avril 2022
CIRCULAIRE N° 6319/222
OBJET:
Entrée en vigueur de l’Accord portant amendement de l’Accord de libre-échange entre le
Royaume du Maroc et la République de Turquie.
REFER:
- Circulaire d’application de l’Accord de libre-échange Maroc-Turquie n° 4976/222 du 30
décembre 2005, telle que modifiée.
- Lettre n° DRCI/DRCEU/33/2022 du 12 avril 2022 émanant du Ministère de l’Industrie et
du Commerce.
Le service est informé que l’Accord portant amendement de l’Accord de libre-échange entre
le Royaume du Maroc et la République de Turquie, signé à Rabat le 24 août 2020, sera mis
en œuvre à compter du 2 mai 2022.
En vertu, respectivement, des articles 2 et 5 de l’Accord, les produits originaires de Turquie
figurant à:
 l’Annexe I sont soumis à un droit de douane équivalent à 90% du tarif NPF, dès
l’entrée en vigueur.
 l’Annexe II sont soumis à un droit de douane équivalent à 90% du tarif NPF, aux
dates d’expiration des mesures de sauvegarde les concernant.
Ces traitements tarifaires sont appliqués pendant une période de cinq ans, renouvelable.
Toute difficulté d’application sera signalée à l’Administration centrale sous le timbre de la
présente.
SGIA/Diffusion/29-04-22/16h35
[Note: 3 image(s) found on this page. ]
--- Page 2 (parsed text) --Page 1/3
Accord amendant l’ALE Maroc-Turquie
ANNEXE I
Produits soumis à un droit d’importation de 90% du tarif NPF, dès l’entrée en
vigueur
3926909290
4202121092
4202190010
4202190090
4202921091
4203109000
5407439020
5407539020
5407619051
5407699051
5407739820
5407839010
5408239020
5408339010
5512119010
5512219010
5512999010
5514119010
5514129010
5514198010
5514219010
5514239010
5514299010
5514300021
5514300023
5514419010
5514439010
5514499010
5515119010
5515129010
5515139010
5515199010
5515219010
5515229010
5515299010
5515919010
5515998010
5516239020
5701100090
5701909000
5702100000
5702320000
5702390000
5702420000
5702490010
5702490090
5702500010
5702500020
5702500091
5702500099
5702910000
5702920000
5702990010
5702990090
5703100010
5703100091
5703100099
5703210010
5703210091
5703210099
5703290010
5703290091
5703290099
5703310010
5703310091
5703390010
5703390091
5703900010
5703900091
5703900092
5703900099
5704100000
5704200000
5704900000
5705000010
5705000050
5705000080
5801261000
5801271000
5801361000
5801362000
5801367000
5801371000
5801901000
6001109022
6001109023
6001109024
6001109025
6001109028
6001929010
6101200000
6101300010
6101300020
6101900000
6102200000
6102300010
6102300020
6102900000
6103100000
6103220000
6103230000
6103290000
6103320000
6103330000
6103390090
6103410010
6103410090
6103420010
6103420090
6103430010
6103430090
6103490010
6103490091
6103490099
6104130000
6104190010
6104190080
6104220000
6104230000
6104290010
6104290080
6104320000
6104330000
6104390020
6104390090
6104410000
6104420000
6104430000
6104440000
6104490000
6104520000
6104530000
6104590000
6104610000
6104620000
6104630000
6104690000
6105100000
6105200010
6105200090
6105900000
6106100000
6106200010
6106200020
6106900000
6107110000
6107120010
6107120090
6107190000
6107210010
6107210090
6107220011
6107220019
6107220090
6107290000
6107910000
6107990000
6108110010
6108110090
6108190010
6108190020
6108190090
6108210000
6108220010
6108220030
6108290000
6108310010
6108310090
6108320011
6108320019
6108320090
6108390000
6108910000
6108920000
6108990000
6109100010
6109100091
6109100099
6109900010
6109900092
6109900098
6110111000
6110119000
6110121000
6110129000
6110191000
6110199000
6110200010
6110200091
6110200099
6110300010
6110300021
6110300029
6110300091
6110300099
6110901000
6110909000
6111200010
6111200030
6111200080
6111300010
6111300030
6111300080
6111900040
6111900050
6111900060
6111900092
6111900098
6112110000
6112120000
6112190000
6112200000
6112310010
6112310090
6112390010
6112390090
6112410090
6112490010
6112490090
6113000015
--- Page 3 (parsed text) --Page 2/3
6113000022
6113000024
6113000028
6113000070
6114200090
6114300090
6114900020
6114900080
6115290018
6115300010
6115941000
6115959000
6115961090
6115991000
6115999000
6116100030
6116100040
6116100090
6117100020
6117100030
6117100080
6117801000
6117802000
6117809100
6117809900
6117900000
6201200000
6201300000
6201400000
6201900000
6202200000
6202300000
6202400000
6202900000
6203110000
6203120000
6203190010
6203190020
6203190090
6203220000
6203230000
6203290010
6203290080
6203310000
6203320000
6203330000
6203390010
6203390090
6203410020
6203410090
6203420010
6203420020
6203420090
6203430010
6203430020
6203430090
6203490011
6203490013
6203490019
6203490091
6203490093
6203490099
6204110000
6204120000
6204130000
6204190010
6204190090
6204210000
6204220000
6204230000
6204290010
6204290090
6204310000
6204320000
6204330000
6204390010
6204390090
6204420000
6204430000
6204440000
6204490090
6204510000
6204520000
6204530000
6204590010
6204590090
6204610010
6204620010
6204620090
6204630010
6204630090
6204690011
6204690019
6204690091
6204690099
6205200000
6205300010
6205300020
6205900000
6206300000
6206400000
6206900000
6207110000
6207190010
6207190090
6207210000
6207220010
6207220090
6207290000
6207910010
6207910090
6207990020
6207990080
6208110010
6208110020
6208190000
6208210000
6208220010
6208220020
6208290000
6208910010
6208910080
6208920010
6208920092
6208920098
6208990010
6208990080
6209200010
6209200020
6209300010
6209300020
6209900015
6209900025
6209900055
6210100011
6210100015
6210100017
6210100030
6210100042
6210100048
6210100050
6210100060
6210100072
6210100078
6210100080
6210100090
6210201000
6210209000
6210300000
6210401000
6210409011
6210409019
6210409030
6210409045
6210409046
6210409048
6210409090
6210501000
6210509010
6210509020
6210509031
6210509032
6210509039
6210509093
6210509096
6210509098
6211110011
6211110019
6211110090
6211120011
6211120019
6211120090
6211201000
6211209000
6211320011
6211320012
6211320019
6211320021
6211320029
6211320030
6211320090
6211330011
6211330012
6211330019
6211330021
6211330029
6211330030
6211330091
6211330099
6211390013
6211390015
6211390017
6211390023
6211390027
6211390040
6211390080
6211420011
6211420012
6211420019
6211420020
6211420030
6211420040
6211420090
6211430011
6211430012
6211430019
6211430020
6211430030
6211430040
6211430091
6211430099
6211490013
6211490015
6211490017
6211490023
6211490027
6211490050
6211490080
6212100010
6212100090
6212200090
6212300000
6213201000
6213209000
6213901000
6213909000
6214100000
6214200010
6214200090
6214300000
6214400000
6214900010
6214900090
6215100000
6216001000
6301300010
6301300090
6301400010
6301400020
6301400090
6301900020
6301900090
6302100030
6302100040
6302100050
6302100080
6302210010
6302210090
6302229010
6302229090
6302290010
6302290090
6302310010
6302310090
6302329010
6302329090
6302390010
6302390090
6302400030
6302400040
--- Page 4 (parsed text) --Page 3/3
6302400050
6302400080
6302510010
6302510090
6302539010
6302539090
6302590020
6302590080
6302600000
6302910010
6302910090
6302939090
6303120000
6303190010
6303190080
6303910010
6303910020
6303910091
6303910099
6303920010
6303920020
6303920091
6303920099
6303990010
6303990020
6303990091
6303990099
6304110010
6304110015
6304110030
6304110040
6304110050
6304110080
6304199000
6304200000
6304910000
6304920000
6304930000
6304991000
6304992000
6304999000
6306120000
6306190020
6306190090
6306220000
6306290000
6306300000
6306400010
6306400090
6306900010
6402201000
6402919090
6403401000
6404209010
6404209091
6404209099
6405101010
6405101091
6405101099
6813810090
7007111011
7007111012
7007111019
7007112000
7007113000
7007119000
7007193000
7320101000
7326909990
8409993010
8409995000
8418100012
8418100018
8418210010
8418210093
8418210099
8421239000
8421291000
8421310000
8484100000
8484200000
8484900000
8507100011
8507100019
8507801500
8536509070
8536691000
8538100000
8708301000
8708309091
8708911020
8708939200
8708993000
--- Page 5 (parsed text) --Page 1/1
Accord amendant l’ALE Maroc-Turquie
ANNEXE II
Produits soumis à un droit d’importation de 90% du tarif NPF, à la fin des
mesures de sauvegarde les concernant
4410112010
4410112090
4410113010
4410113090
4410199210
4410199290
4410199310
4410199390
7208101000
7208109000
7208251000
7208259000
7208261000
7208269000
7208271000
7208279000
7208361000
7208369000
7208371000
7208379030
7208379080
7208381000
7208389030
7208389080
7208391000
7208399030
7208399080
7208401000
7208409000
7208510000
7208521000
7208529000
7208530000
7208540010
7208540020
7208540099
7208901000
7208902000
7208909000
7209150000
7209160010
7209160091
7209160099
7209170010
7209170090
7209180010
7209180090
7209250000
7209260010
7209260091
7209260099
7209270010
7209270090
7209280010
7209280090
7209901000
7209902010
7209902090
7209909000
7210201000
7210202100
7210202200
7210202900
7210209000
7210410000
7210490000
7210610000
7210690000
7210701000
7210702100
7210702900
7210709011
7210709019
7210709021
7210709029
7210709031
7210709039
7210709080
7210709090
7210901000
7210902911
7210902919
7210902999
7210909010
7210909020
7210909090
7211130010
7211130021
7211130029
7211130030
7211130040
7211130050
7211130090
7211140010
7211140021
7211140022
7211140029
7211140031
7211140039
7211140040
7211140050
7211140061
7211140069
7211140090
7211190010
7211190020
7211190031
7211190039
7211190041
7211190049
7211190051
7211190059
7211190060
7211190071
7211190072
7211190073
7211190074
7211190079
7211190090
7211230020
7211230030
7211230051
7211230058
7211230090
7211290010
7211290030
7211290040
7211290060
7211290090
7211901000
7211902000
7211909000
7212301000
7212302100
7212302900
7212309100
7212309200
7212309300
7212309400
7212309900
7212401000
7212403100
7212403990
7212409100
7212409911
7212409919
7212409921
7212409929
7212409931
7212409939
7212409980
7212409990
7212501000
7212503000
7212504000
7212505100
7212505200
7212505900
7212506800
7212509000
7212601000
7212602000
7212603000
7212609110
7212609190
7212609900
7213919000
7214209000
7214999100
7225301000
7225302100
7225302200
7225302900
7225303100
7225303200
7225303900
7225309100
7225309200
7225309900
7225401000
7225402000
7225409000
7225500000
7225921000
7225929000
7225990000
7226110010
7226110020
7226110031
7226110039
7226110040
7226110050
7226110090
7226190000
7226200011
7226200019
7226200020
7226200051
7226200052
7226200059
7226200061
7226200069
7226200090
7226910000
7226920000
7226998000
7305311000
7305319900
7306191090
7306199900
7306301099
7306309900
7306501090
7306509900
7306611000
7306619000
7306691000
7306901090
7306909900