--- Page 1 (parsed text) --1
Rabat, le 18 Janvier 2023
CIRCULAIRE N° 6408/223
Objet: - Accord Commercial maroco-sénégalais du 13 février 1963.
- Modifications de la nomenclature douanière.
Réf. : - Loi de finances n° 50-22 pour l’année budgétaire 2023, promulguée par le Dahir
n° 1-22-75 du 13 décembre 2022, publiée au B. O n° 7154 bis du 23/12/2022
- Circulaire n° 6398/210 du 29 décembre 2022.
- Circulaire n° 4243/223 du 30 décembre 1992.
Par circulaire n° 6398/210 visée en référence, le service a été informé que des modifications
de la nomenclature du tarif du droit d’importation ont été apportées par la loi de Finances
pour l’année budgétaire 2023, à compter du 1er janvier 2023.
Ces modifications ont eu des répercussions sur certaines codifications douanières figurant
sur la liste «S» annexée à la circulaire d’application de l’accord commercial
maroco-sénégalais.
En conséquence, le service trouvera, ci-joint, la liste précitée dûment actualisée.
Toute difficulté d’application de la présente sera communiquée à l’Administration Centrale
sous le timbre de la présente.
SGIA/Diffusion/18-01-23/13h50
[Note: 3 image(s) found on this page. ]
--- Page 2 (parsed text) --1
LISTE “S”
PRODUITS SENEGALAIS ADMIS AU MAROC EN EXONERATION
DU DROIT D’IMPORTATION
Codification
douanière
Désignation des produits
03 05 20
- Poissons séchés, salés ou en saumure, fumés
03 05 31 00 00
- Foies, œufs, laitances et farine de poisson
03 05 32 00 10
03 05 32 00 90
03 05 41 00 00
03 05 42 00 00
03 05 43 00 00
03 05 44 00 00
03 05 49 10 00
03 05 49 20 00
03 05 49 30 00
03 05 49 80 00
03 05 51 00 00
03 05 52 00 00
03 05 53 00 00
03 05 54 00 31
03 05 54 00 32
03 05 54 00 39
03 05 59 00 11
03 05 59 00 12
03 05 59 00 19
03 05 61 00 00
03 05 62 00 00
03 05 63 00 00
03 05 64 00 00
03 05 69 00 11
03 05 71 00 00
03 05 72 00 00
03 05 79 00 00
03 09 10
Ex 03 05 39 00 00
Ex 03 05 54 00 80
Ex 03 05 59 00 80
Ex 03 05 69 00 18
Ex 03 05 69 00 80
--- Page 3 (parsed text) --2
03 06 11
- Conserves de poissons, crustacés frais et surgelés
03 06 12
a) – crustacés frais, surgelés ou congelés
03 06 14 00 90
03 06 15 00 90
03 06 16 00 11
03 06 16 00 12
03 06 16 00 19
03 06 16 00 90
03 06 17 00 90
Ex 03 06 19 00 90
Ex 03 06 31 00 00
Ex 03 06 32 00 00
Ex 03 06 33 00 00
Ex 03 06 34 00 00
Ex 03 06 35 00 10
Ex 03 06 35 00 90
Ex 03 06 36 00 00
Ex 03 06 39 00 00
Ex 03 06 92 00 90
Ex 03 06 93 00 90
Ex 03 06 94 00 90
Ex 03 06 95 00 80
Ex 03 06 99 00 90
Ex 03 09 90 00 00
Ex 0306 91 00 90
Ex 03 06 39 00 00
Ex 03 09 90 00 00
Ex 03 06 99 00 90
16 04 11
- Conserves de poissons, crustacés frais et surgelés
16 04 12
b) – préparations et conserves de poissons
16 04 13
16 04 14
16 04 15
16 04 16
16 04 17 00 00
16 04 18 00 00
--- Page 4 (parsed text) --3
16 04 19
- Conserves de poissons, crustacés frais et surgelés
16 04 20 00 20 à 90
b) – préparations et conserves de poissons
Ex 19 02 20 10 00
07 01 10
- Légumes et fruits à l’état frais, réfrigérés, congelés ou en
conserve
07 01 90
07 02 00 00 10
a) Légumes frais, réfrigérés
07 02 00 00 90
07 03 10
07 03 20
07 03 90
07 04 10
07 04 20
07 04 90 00 00
07 05 11
07 05 19
07 05 21
07 05 29
07 06 10 00
07 06 90
07 07 00 00 10
07 07 00 00 90
07 08 10
07 08 20
07 08 90
07 09 20 00 00
07 09 30 00 00
07 09 40 00 00
07 09 51 00 00
07 09 52 00 00
07 09 53 00 00
07 09 54 00 00
07 09 55 00 00
07 09 59
07 09 60 00 10
07 09 70 00 00
07 09 91 00 00
--- Page 5 (parsed text) --4
07 09 92 00 10
- Légumes et fruits à l’état frais, réfrigérés, congelés ou en
conserve
a) Légumes frais, réfrigérés
07 09 92 00 90
07 09 99 00 20
07 09 99 00 30
07 09 99 00 40
07 09 99 00 91
07 09 99 00 92
07 09 99 00 99
Ex 07 09 56 00 00
Ex 07 09 93 00 00
Ex 07 04 10 00 20
Ex 07 04 10 00 80
07 10 10 00 00
- Légumes et fruits à l’état frais, réfrigérés, congelés ou en
conserve
07 10 21 00 00
07 10 22 00 00
b) Légumes congelés
07 10 29 00 10
07 10 29 00 90
07 10 30 00 00
07 10 80 10
07 10 80 20
07 10 80 30
07 10 80 80
20 02 10 00 00
20 02 90 10
20 03 10 10 00
20 04 10 20 00
20 04 90 31 00
20 04 90 32 00
20 04 90 33 00
20 04 90 34 00
20 04 90 35 00
20 04 90 36 00
20 04 90 37 00
20 04 90 39
Ex 07 10 90 00
(à l’exclusion des piments
forts)
--- Page 6 (parsed text) --5
07 11 20 10 00
- Légumes et fruits à l’état frais, réfrigérés, congelés ou en
conserve
07 11 59 00 00
07 11 90 12 00
c) Légumes en conserve
07 11 90 13 00
07 11 90 14 00
07 11 90 19 00
20 01 10
20 01 90 00
20 02 90 90 11
20 02 90 90 19
20 02 90 90 91
20 02 90 90 99
20 03 10 90 10
20 03 10 90 90
20 03 90 00 00
20 04 10 99 00
20 04 90 51 10
20 04 90 51 90
20 04 90 52 10
20 04 90 52 90
20 04 90 55 11
20 04 90 55 19
20 04 90 55 91
20 04 90 55 99
20 04 90 56 00
20 04 90 90 00
20 05 10 00 00
20 05 20 90 00
20 05 40 80 00
20 05 51 00 00
20 05 59 90 00
20 05 60 00 00
20 05 70 00 21
20 05 70 00 22
20 05 70 00 23
20 05 70 00 29
20 05 70 00 81
--- Page 7 (parsed text) --6
20 05 70 00 82
- Légumes et fruits à l’état frais, réfrigérés, congelés ou en
conserve
20 05 70 00 83
20 05 70 00 89
c) Légumes en conserve
20 05 91 00 00
20 05 99 31 00
20 05 99 33 00
20 05 99 35 00
20 05 99 37 20
20 05 99 37 80
20 05 99 41 00
20 05 99 43 00
20 05 99 49 00
20 05 99 51 00
20 05 99 53 00
20 05 99 59 00
20 05 99 90 00
Ex 07 11 40 00 00
(conservés au moyen de
gaz sulfureux)
Ex 07 11 51 00 00
(conservés au moyen de
gaz sulfureux)
Ex 20 04 90 53 00
Ex 21 04 20 00 00
08 01 12 00 00
- Légumes et fruits à l’état frais, réfrigérés, congelés ou en
conserve
08 01 19 00 80
08 02 11 00 11
d) Fruits frais ou réfrigérés
08 02 11 00 91
08 02 12 00 11
08 02 12 00 91
08 02 22 00 10
08 02 32 00 10
08 02 42 00 10
08 02 51 00 00
08 02 52 00 00
08 02 62 00 10
08 02 70 00 00
08 02 80 00 00
--- Page 8 (parsed text) --7
08 02 91 00 00
- Légumes et fruits à l’état frais, réfrigérés, congelés ou en
conserve
08 02 92 00 00
08 02 99 00 90
d) Fruits frais ou réfrigérés
08 03 10 00 10
08 03 90 00 10
08 04 20 10 00
08 05 10 00 11
08 05 10 00 19
08 06 10 00 11
08 06 10 00 19
08 06 10 00 91
08 06 10 00 99
08 07 20 00 00
08 08 10 10 00
08 08 10 90 10
08 08 10 90 20
08 08 10 90 90
08 08 30 11 00
08 08 30 19 10
08 08 30 19 90
08 08 40 00 10
08 08 40 00 90
08 09 10 00 00
08 09 21 00 10
08 09 21 00 90
08 09 29 00 10
08 09 29 00 90
08 09 30 00 00
08 09 40 00 10
08 09 40 00 90
08 10 10
08 10 20
08 10 30
08 10 40
08 10 60 00 00
08 10 70 00 00
08 10 90 00 30
--- Page 9 (parsed text) --8
08 10 90 00 70
- Légumes et fruits à l’état frais, réfrigérés, congelés ou en
conserve
Ex 08 01 21 00 00
Ex 08 01 22 00 00
d) Fruits frais ou réfrigérés
Ex 08 01 31 00 00
Ex 08 01 32 00 00
Ex 08 02 21 00 00
Ex 08 02 31 00 00
Ex 08 02 41 00 00
Ex 08 02 61 00 00
Ex 08 02 99 00 10
Ex 08 04 10 00 00
Ex 08 04 30 00 00
Ex 08 04 40 00 00
Ex 08 04 50 00 00
Ex 08 05 10 00 91
Ex 08 05 10 00 99
Ex 08 05 21 00 00
Ex 08 05 22 00 00
Ex 08 05 29 00 00
Ex 08 05 40 00 00
Ex 08 05 50 00 00
Ex 08 05 90 00 00
Ex 08 13 50 90 10
08 11 10 00 00
- Légumes et fruits à l’état frais, réfrigérés, congelés ou en
conserve
08 11 20 00 00
08 11 90 00 10
e) Fruits congelés
08 11 90 00 91
08 11 90 00 99
20 08 19 10 10
20 08 20 00 00
20 08 30 00 10
20 08 40 00 00
20 08 50 00 00
20 08 60 00 00
20 08 80 00 00
20 08 93 00 00
20 08 97 00 00
20 08 99 00 27
Ex 20 08 70 00 95
--- Page 10 (parsed text) --9
08 12 10 00 00
- Légumes et fruits à l’état frais, réfrigérés, congelés ou en
conserve
f) Fruits en conserves
08 12 90
20 08 11 10 00
20 08 19 21
20 08 19 29 10
20 08 19 29 90
20 08 30 00 92
20 08 70 00 20
20 08 70 00 49
20 08 70 00 80
20 08 99 00 47
20 08 99 00 87
20 08 99 00 97
Ex 12 11 20 00 11
Ex 12 11 20 00 19
Ex 12 11 90 10 10
Ex 12 11 90 10 90
Ex 20 08 99 00 20
Ex 20 08 99 00 80
20 08 11 11 00
Fruits à coque grillée
20 08 11 19 00
20 08 19 21
Fruits à coque grillée
20 08 19 29
Ex 12 02 41 00 00
Arachides de bouche et Arachides décortiquées
Ex 12 02 42 00 00
23 05 00 00 00
Tourteaux d’Arachides
17 04 10 00 00
Sucreries sans cacao
17 04 90
Ex 16 02 90 00 89
Ex 30 06 93 00 10
25 01 00 00 15
Sel brut
Ex 25 15 11 00 00
Marbre à l’exclusion des granulés, éclats et poudres
Ex 25 15 12 00 00
30 01 90 10 00
Produits pharmaceutiques
30 02 12 10 00
30 02 51 00 00
30 02 59 00 00
--- Page 11 (parsed text) --10
30 06 40 20 00
Produits pharmaceutiques
30 06 92 00 00
Ex 30 06 60 90 00
Chapitre 30 sauf:
Ex 30 02 13 00 00
Ex 30 02 14 00 00
Ex 30 02 15 00 00
Ex 38 22 11 29 00
Ex 38 22 12 19 00
Ex 38 22 19 29 00
33 04 99 00 10
Pommades non pharmaceutiques, eaux dentifrices, dentifrices,
laques capillaires
33 05 30 00 00
33 06 10 00 00
Ex 33 06 90 00 00
Ex 38 08 59 10 00
Insecticides conditionnés pour la vente au détail
Ex 38 08 91 00 10
Ex 38 08 91 00 30
Ex 38 08 91 00 91
13 01 20 00 00
Gomme arabique
27 10 19 80 21
Lubrifiants
39 17 10 10 10
Ouvrages en matière plastique
39 17 10 10 20
39 17 10 10 90
39 17 22 00 10
39 17 23 00 10
39 17 39 10 10
39 17 39 10 90
39 18 10 00 90
39 22 20 00 00
39 22 90 00 80
39 23 10 00 10
39 23 10 00 20
39 23 10 00 30
39 23 10 00 40
39 23 10 00 80
39 23 21 00 90
--- Page 12 (parsed text) --11
39 23 29 00 81
Ouvrages en matière plastique
39 23 29 00 89
39 23 30 10 00
39 23 30 90
39 23 40 10
39 23 50 00 11
39 23 50 00 19
39 23 50 00 30
39 23 50 00 90
39 23 90 00 50
39 23 90 00 60
39 24 10 00 00
39 24 90 00 00
39 25 10
39 25 20
39 25 30
39 25 90
39 26 10 00 00
39 26 20 00 20
39 26 20 00 80
39 26 30
39 26 40 00 00
39 26 90 22 00
39 26 90 42 00
39 26 90 89 10
39 26 90 89 80
39 29 90 32 00
3917 21 91 00
42 02 39 10 00
84 80 30 10 00
85 36 70 20 00
91 13 90 00 20
94 05 50 41 00
94 05 61 00 25
94 05 69 00 25
94 05 92 10 00
94 05 92 90 00
--- Page 13 (parsed text) --12
94 06 90 10 00
Ouvrages en matière plastique
96 19 00 31 10
96 19 00 31 90
Ex 39 17 29 10 00
Ex 39 17 31 10 00
Ex 39 17 33 00 00
Ex 39 18 90 90 00
Ex 39 19 90 90 00
Ex 39 22 10
Ex 39 23 40 00 10
Ex 39 23 40 00 20
Ex 39 23 40 00 90
Ex 39 23 90 00 90
Ex 42 02 19 00 10
Ex 42 02 19 00 90
Ex 48 14 20 80 00
Ex 49 10 00 00
Ex 71 17 90 99 00
Ex 97 01 99 90 00
41 02 10
Peaux brutes
41 02 21
41 02 29
Ex 41 01 20
Ex 41 01 50
Ex 41 01 90
Ex 41 03 20
Ex 41 03 30
Ex 41 03 90 10 10
Ex 41 03 90 10 93
Ex 41 03 90 10 98
Ex 41 03 90 90 10
Ex 41 03 90 90 21
Ex 41 03 90 90 29
Ex 41 03 90 90 39
Ex 41 03 90 90 92
Ex 41 03 90 90 98
--- Page 14 (parsed text) --13
Ex 41 01 20 12 00
Cuirs tannés
Ex 41 01 20 70 00
Ex 41 01 50 10 00
Ex 41 01 90 12 00
Ex 41 04 11 90 91
Ex 41 04 11 90 91
Ex 41 04 11 90 92
Ex 41 04 19 10 30
Ex 41 04 19 20 00
Ex 41 04 19 40 00
Ex 41 04 19 40 00
Ex 41 04 19 80 00
51 11 11 92 90
Tissus écrus ou teints ou imprimés sur tous supports
51 11 19 92 90
51 11 20 92 90
51 11 30 92 90
51 11 90 92 90
51 12 11 92 90
51 12 19 92 90
51 12 20 92 90
51 12 20 98 00
51 12 30 92 90
51 12 90 92 90
52 09 41 90 20
52 10 41 20 00
54 08 33 90
55 12 19 20 00
55 12 19 90
55 12 29 20 00
55 12 29 90
55 12 99 20 00
55 12 99 90
55 13 12 20 00
55 13 13 20 00
55 13 19 20 00
55 14 11 20 00
55 14 12 20 00
--- Page 15 (parsed text) --14
55 14 19 40 00
Tissus écrus ou teints ou imprimés sur tous supports
55 14 19 80
55 14 21 90
55 14 22 90
55 14 23 90
55 14 29 90
55 14 30 00 21
55 14 30 00 22
55 14 30 00 23
55 14 30 00 29
55 14 41 90
55 14 42 90
55 14 49 80
55 15 11 20 00
55 15 12 20 00
55 15 12 90
55 15 13 20 00
55 15 19 20 00
55 15 21 20 00
55 15 22 20 00
55 15 29 20 00
55 15 91 20 00
55 15 99 40 00
55 16 11 20 00
55 16 21 20 00
55 16 31 20 00
55 16 41 20 00
55 16 91 20 00
Ex 51 11 11 98 00
Ex 51 11 19 98 00
Ex 51 11 20 98 00
Ex 51 11 30 98 00
Ex 51 11 90 98 00
Ex 51 12 11 98 00
Ex 51 12 19 98 00
Ex 51 12 30 98 00
Ex 51 12 90 98 00
--- Page 16 (parsed text) --15
Ex 52 08 11 80 10
Tissus écrus ou teints ou imprimés sur tous supports
Ex 52 08 11 80 90
Ex 52 08 12 80 00
Ex 52 08 13 80 00
Ex 52 08 19 80 00
Ex 52 08 31 80 00
Ex 52 08 32 80 00
Ex 52 08 33 80 00
Ex 52 08 39 80 00
Ex 52 08 41 80 00
Ex 52 08 42 80 00
Ex 52 08 43 80 00
Ex 52 08 49 80 00
Ex 52 08 51 80 00
Ex 52 08 52 90 00
Ex 52 08 59 80 10
Ex 52 08 59 80 90
Ex 52 09 11 80 00
Ex 52 09 12 80 00
Ex 52 09 12 90 00
Ex 52 09 19 80 00
Ex 52 09 31 80 00
Ex 52 09 32 80 00
Ex 52 09 39 80 00
Ex 52 09 41 90 20
Ex 52 09 41 90 80
Ex 52 09 42 80 00
Ex 52 09 43 90 80
Ex 52 09 49 90 20
Ex 52 09 49 90 80
Ex 52 09 51 80 00
Ex 52 09 52 80 00
Ex 52 09 59 80 00
Ex 52 10 11 80 00
Ex 52 10 19 70 00
Ex 52 10 31 80 00
Ex 52 10 32 80 00
--- Page 17 (parsed text) --16
Ex 52 10 39 80 00
Tissus écrus ou teints ou imprimés sur tous supports
Ex 52 10 41 80 00
Ex 52 10 49 70 00
Ex 52 10 51 80 00
Ex 52 10 59 70 00
Ex 52 11 11 80 00
Ex 52 11 12 80 00
Ex 52 11 19 80 00
Ex 52 11 31 80 00
Ex 52 11 32 80 00
Ex 52 11 39 80 00
Ex 52 11 41 80 00
Ex 52 11 42 80 00
Ex 52 11 43 80 00
Ex 52 11 49 80 00
Ex 52 11 51 80 00
Ex 52 11 52 80 00
Ex 52 11 59 80 00
Ex 52 12 11 80 00
Ex 52 12 13 80 00
Ex 52 12 14 80 00
Ex 52 12 15 80 00
Ex 52 12 21 80 00
Ex 52 12 23 80 00
Ex 52 12 25 80 00
Ex 53 09 11 90 30
Ex 53 09 19 90 20
Ex 53 09 19 90 30
Ex 53 09 19 90 40
Ex 53 09 21 90 10
Ex 53 09 21 90 20
Ex 53 09 29 80 10
Ex 53 09 29 80 20
Ex 53 09 29 80 30
Ex 53 11 00 91 10
Ex 53 11 00 91 90
Ex 54 07 10 80 00
--- Page 18 (parsed text) --17
Ex 54 07 30 80 00
Tissus écrus ou teints ou imprimés sur tous supports
Ex 54 07 41 90 10
Ex 54 07 41 90 90
Ex 54 07 42 90 10
Ex 54 07 42 90 90
Ex 54 07 43 90 10
Ex 54 07 43 90 20
Ex 54 07 43 90 90
Ex 54 07 44 90 10
Ex 54 07 44 90 90
Ex 54 07 51 90 10
Ex 54 07 51 90 90
Ex 54 07 52 90 10
Ex 54 07 52 90 90
Ex 54 07 53 90 10
Ex 54 07 53 90 20
Ex 54 07 53 90 90
Ex 54 07 54 90 10
Ex 54 07 54 90 90
Ex 54 07 61 90 10
Ex 54 07 61 90 20
Ex 54 07 61 90 30
Ex 54 07 61 90 40
Ex 54 07 61 90 59
Ex 54 07 61 90 60
Ex 54 07 69 90 10
Ex 54 07 69 90 20
Ex 54 07 69 90 30
Ex 54 07 69 90 40
Ex 54 07 69 90 51
Ex 54 07 69 90 59
Ex 54 07 69 90 60
Ex 54 07 71 98 10
Ex 54 07 71 98 90
Ex 54 07 72 98 10
Ex 54 07 72 98 90
Ex 54 07 73 98 10
--- Page 19 (parsed text) --18
Ex 54 07 73 98 90
Tissus écrus ou teints ou imprimés sur tous supports
Ex 54 07 74 98 10
Ex 54 07 74 98 90
Ex 54 07 81 90 00
Ex 54 07 82 90 00
Ex 54 07 83 90 10
Ex 54 07 83 90 90
Ex 54 07 84 90 00
Ex 54 07 91 90 00
Ex 54 07 92 90 00
Ex 54 07 93 90 00
Ex 54 07 94 90 00
Ex 54 08 10 90 00
Ex 54 08 21 90 10
Ex 54 08 21 90 90
Ex 54 08 22 90 10
Ex 54 08 22 90 90
Ex 54 08 23 90 10
Ex 54 08 23 90 20
Ex 54 08 23 90 90
Ex 54 08 24 90 00
Ex 54 08 31 90 00
Ex 54 08 32 90 00
Ex 54 08 33 90 90
Ex 54 08 34 90 00
Ex 55 12 11 20 00
Ex 55 12 11 90
Ex 55 12 21 20 00
Ex 55 12 21 90
Ex 55 12 91 20 00
Ex 55 12 91 90
Ex 55 13 11 20 00
Ex 55 13 11 90
Ex 55 13 12 90
Ex 55 13 13 90
Ex 55 13 19 90
Ex 55 13 21 80 00
--- Page 20 (parsed text) --19
Ex 55 13 23 70 00
Tissus écrus ou teints ou imprimés sur tous supports
Ex 55 13 29 80 00
Ex 55 13 31 80 00
Ex 55 13 39 70 00
Ex 55 13 41 80 00
Ex 55 13 49 70 00
Ex 55 14 11 90
Ex 55 14 12 90
Ex 55 14 21 90 80
Ex 55 14 22 90 80
Ex 55 14 23 90 80
Ex 55 14 29 90 80
Ex 55 14 30 00 90
Ex 55 14 41 90 80
Ex 55 14 42 90 80
Ex 55 14 43 90 80
Ex 55 14 49 90 80
Ex 55 15 11 90
Ex 55 15 13 90
Ex 55 15 19 90
Ex 55 15 21 90
Ex 55 15 22 90
Ex 55 15 29 90
Ex 55 15 91 90
Ex 55 15 99 80
Ex 55 16 11 90
Ex 55 16 12 80 00
Ex 55 16 13 80 00
Ex 55 16 14 80 00
Ex 55 16 21 90
Ex 55 16 22 80 00
Ex 55 16 22 90 00
Ex 55 16 23 90 80
Ex 55 16 24 80 00
Ex 55 16 31 90
Ex 55 16 32 80 00
Ex 55 16 33 80 00
--- Page 21 (parsed text) --20
Ex 55 16 34 80 00
Tissus écrus ou teints ou imprimés sur tous supports
Ex 55 16 41 90
Ex 55 16 42 80 00
Ex 55 16 43 80 00
Ex 55 16 44 80 00
Ex 55 16 91 90
Ex 55 16 92 80 00
Ex 55 16 93 80 00
Ex 55 16 94 80 00
Ex 56 07 90 00 40
Cordes et cordages autres que de sisal
Ex 56 07 90
56 07 41
56 07 49
56 07 50
61 01
Articles de confection, de bonneterie; linge de table et de
maison
61 02
61 03
61 04
61 05
61 06
61 07
61 08
61 09
61 10
61 11 20 00 10
61 11 20 00 30
61 11 20 00 80
61 11 30 00 10
61 11 30 00 80
61 11 90 00 40
61 11 90 00 60
61 11 90 00 92
61 11 90 00 98
61 12 11 00 00
61 12 12 00 00
61 12 19 00 00
61 12 31 00 10
--- Page 22 (parsed text) --21
61 12 41 00 10
Articles de confection, de bonneterie; linge de table et de
maison
61 13 00 00 15
61 13 00 00 22
61 13 00 00 24
61 13 00 00 28
61 14 20 00
61 14 30 00
61 14 90 00
61 15 21 00 10
61 15 22 00 10
61 15 29 00 11
61 15 30 00 40
61 15 30 00 50
61 15 95 10 00
61 15 99 10 00
61 17 10 00 10
63 01 20 00 10
63 01 30 00 10
63 01 40 00 10
63 01 90 00 10
63 02 10 00 30
63 02 10 00 40
63 02 10 00 50
63 02 21 00 10
63 02 21 00 90
63 02 22 90 10
63 02 22 90 90
63 02 31 00 10
63 02 31 00 90
63 02 32 90 10
63 02 32 90 90
63 02 40 00 30
63 02 40 00 40
63 02 40 00 50
63 02 53 90 10
63 02 53 90 90
--- Page 23 (parsed text) --22
63 02 59 00 20
Articles de confection, de bonneterie; linge de table et de
maison
63 02 59 00 80
63 02 60 00 00
63 02 91 00 10
63 02 91 00 90
63 02 93 90 90
63 02 99 00 20
63 02 99 00 80
63 04 11 00 10
63 04 11 00 15
63 04 11 00 30
63 04 11 00 40
63 04 11 00 50
63 04 11 00 80
63 04 20 00 00
96 19 00 90 90
Ex 61 11 30 00 30
Ex 61 12 20 00 00
Ex 61 12 39 00 10
Ex 61 12 49 00 10
Ex 61 15 10 00 90
Ex 61 15 29 00 18
Ex 61 15 30 00 10
Ex 61 15 30 00 20
Ex 61 15 94 10 00
Ex 61 15 96 10 10
Ex 61 15 96 10 90
Ex 61 17 80 10 00
Ex 61 17 80 20 00
Ex 61 17 90 00 00 sauf
parties de ganteries
Ex 63 02 10 00 80
Ex 63 02 29 00 10
Ex 63 02 29 00 90
Ex 63 02 39 00 10
Ex 63 02 39 00 90
Ex 63 02 40 00 80
--- Page 24 (parsed text) --23
Ex 63 02 51 00 10
Articles de confection, de bonneterie; linge de table et de
maison
Ex 63 02 51 00 90
Ex 63 04 19 90 00
Ex 63 04 91 00 00
Ex 63 04 92 00 00
Ex 63 04 93 00 00
Ex 63 04 99 10 00
Ex 63 04 99 20 00
Ex 63 04 99 90 00
64 01 10
Articles chaussants
64 01 92
64 01 99 90
64 02 12
64 02 19
64 02 20
64 02 91
64 02 99
64 03 12
64 03 19
64 03 20
64 03 40
64 03 51
64 03 59
64 03 91
64 03 99
64 04 11
64 04 19
64 04 20
64 05 10
64 05 20
64 05 90
Ex 64 01 99 20 00
Ex 64 01 99 90 20
Ex 64 01 99 90 90
Ex 68 11 40 00 00
Ouvrages en amiante ciment
Ex 94 01 80 00 10
Ex 94 03 89 00 10
--- Page 25 (parsed text) --24
Ex 94 05 61 00 60
Ouvrages en amiante ciment
Ex 94 05 69 00 60
Ex 71 14 11 00 00
Articles d’orfèvrerie en argent ou en plaqué, ou doublés, de
métaux précieux
Ex 71 14 19 00 90
Ex 71 14 20 00 10
Ex 71 14 20 00 90
73 23 94 00 10
Articles de ménage en tôle émaillée
Ex 73 23 94 00 90
85 36 70 90 00
Produits artisanaux
Ex 39 23 21 10 00
Ex 39 23 21 20 00
Ex 39 23 21 30 00
Ex 39 23 21 40 00
Ex 39 23 21 50 00
Ex 39 23 21 90 10
Ex 39 23 29 10 10
Ex 39 23 29 10 91
Ex 39 23 29 10 99
Ex 39 23 29 20 10
Ex 39 23 29 20 90
Ex 39 23 29 30 10
Ex 39 23 29 30 90
Ex 39 23 29 40 10
Ex 39 23 29 40 90
Ex 39 23 29 50 10
Ex 39 23 29 50 90
Ex 39 23 29 90 11
Ex 39 23 29 90 19
Ex 42 01 00 10 00
Ex 42 01 00 90 00
Ex 42 02 11 00
Ex 42 02 12 10 10
Ex 42 02 12 10 91
Ex 42 02 12 10 92
Ex 42 02 12 10 99
Ex 42 02 12 20 00
Ex 42 02 12 30 00
--- Page 26 (parsed text) --25
Ex 42 02 12 90 10
Produits artisanaux
Ex 42 02 12 90 91
Ex 42 02 12 90 99
Ex 42 02 19 00 10
Ex 42 02 19 00 90
Ex 42 02 21
Ex 42 02 22 00 10
Ex 42 02 22 00 90
Ex 42 02 29
Ex 42 02 31
Ex 42 02 32 10 10
Ex 42 02 32 10 91
Ex 42 02 32 10 99
Ex 42 02 39 80
Ex 42 02 39 80 00
Ex 42 02 91
Ex 42 02 92 10 10
Ex 42 02 92 10 19
Ex 42 02 92 10 91
Ex 42 02 92 10 92
Ex 42 02 92 10 99
Ex 42 02 99 00
Ex 42 02 99 00 11
Ex 42 02 99 00 12
Ex 42 02 99 00 19
Ex 42 02 99 00 21
Ex 42 02 99 00 22
Ex 42 02 99 00 29
Ex 42 02 99 00 99
Ex 42 05 00 90 10
Ex 42 05 00 90 20
Ex 42 05 00 90 30
Ex 42 05 00 90 90
Ex 49 10 00 00 00
Ex 58 05 00
Ex 69 13 10
Ex 69 13 90
--- Page 27 (parsed text) --26
Ex 69 14 10
Produits artisanaux
Ex 69 14 90
Ex 71 13 11
Ex 71 13 19
Ex 71 13 20
Ex 71 14 11
Ex 71 14 19
Ex 71 14 20
Ex 71 15 10
Ex 71 17 19
Ex 71 17 90 99
Ex 74 18 10
Ex 74 18 20
Ex 74 19 10
Ex 74 19 20 10 00
Ex 74 19 20 20 10
Ex 74 19 20 20 90
Ex 74 19 20 50 00
Ex 74 19 20 90 11
Ex 74 19 20 90 19
Ex 74 19 20 90 90
Ex 74 19 80 10 00
Ex 74 19 80 20 10
Ex 74 19 80 20 90
Ex 74 19 80 30 00
Ex 74 19 80 40 00
Ex 74 19 80 50 00
Ex 74 19 80 60 00
Ex 74 19 80 70 00
Ex 74 19 80 90 11
Ex 74 19 80 90 19
Ex 74 19 80 90 20
Ex 74 19 80 90 90
Ex 74 19 91
Ex 74 19 99
Ex 7419 20 30 00
Ex 7419 20 40 00
--- Page 28 (parsed text) --27
Ex 83 04 00 90 00
Produits artisanaux
Ex 83 06 29 00 00
Ex 85 39 51 00 10
Ex 85 39 51 00 10
Ex 91 13 10 00
Ex 91 13 20 00 00
Ex 91 13 90 00 90
Ex 93 05 91 20 00
Ex 93 05 99 20 00
Ex 94 01 80 00 30
Ex 94 05 19 00 40
Ex 94 05 19 00 65
Ex 94 05 21 00 00
Ex 94 05 29 40 00
Ex 94 05 29 85 00
Ex 94 05 49 00 55
Ex 94 05 49 00 80
Ex 94 05 50 42 00
Ex 94 05 50 90 00
Ex 94 05 61 00 30
Ex 94 05 61 00 55
Ex 94 05 69 00 30
Ex 94 05 69 00 55
Ex 94 05 99 30 00
Ex 94 05 99 61 00
Ex 94 06 90 30 00
Ex 96 05 00 00 00
Ex 96 15 90 00
Ex 20 07 10 00 00
Pâte d’arachide
Ex 20 07 99 90 00
Ex 20 08 11 90 00
Ex 90 18 49 10 00
Meubles en mousse
Ex 94 01 10 00 00
Ex 94 01 20 00 00
Ex 94 01 31 00 90
Ex 94 01 39 00 90
Ex 94 01 99 00 91
--- Page 29 (parsed text) --28
Ex 94 01 99 00 99
Meubles en mousse
Ex 94 02 10 00 10
Ex 94 02 10 00 90
Ex 94 02 90 00 19
Ex 94 03 70 00 00
73 18 11 00 00
Articles de boulonnerie et visserie à l’exclusion de ceux
fabriqués au Maroc
73 18 12
73 18 13
73 18 14
73 18 15
73 18 16
73 18 19
73 18 21
73 18 22
73 18 23
73 18 24
73 18 29
74 15 21
74 15 29
74 15 33
74 15 39
Ex 76 16 10 10 00
Ex 76 16 10 20 00
Ex 76 16 10 90 00
Ex 90 21 10 10 10
Ex 90 21 10 10 21
Ex 90 21 10 90 10
Ex 90 21 10 90 21
Ex 90 21 29 00 20
Ex 90 21 29 00 31
Ex 90 21 29 00 50
Ex 90 21 29 00 61
08 01 11 00 10
Noix de coco, de cajou
08 01 11 00 90
08 01 19 00 10
08 01 12 00 00
--- Page 30 (parsed text) --29
08 01 19 00 80
Noix de coco, de cajou
08 01 31 00 00
08 01 32 00 00
50 06 00 00 30
Fils à coudre conditionnés pour la vente au détail et fils à tisser
51 06 10 11 00
51 06 10 91 00
51 09 10 00 00
51 09 90 00 00
51 10 00 00 80
52 04 11 00 00
52 04 19 00 00
52 04 20 00 00
52 05 11 00 00
52 05 12 00 00
52 05 13 00 00
52 05 14 00 00
52 05 15 00 00
52 05 21 00 00
52 05 22 00 00
52 05 23 00 00
52 05 24 00 00
52 05 26 00 00
52 05 27 00 00
52 05 28 00 00
52 05 31 00 00
52 05 32 00 00
52 05 33 00 00
52 05 34 00 00
52 05 35 00 00
52 05 41 00 00
52 05 42 00 00
52 05 43 00 00
52 05 44 00 00
52 05 46 00 00
52 05 47 00 00
52 05 48 00 00
52 06 11 00 00
--- Page 31 (parsed text) --30
52 06 12 00 00
Fils à coudre conditionnés pour la vente au détail et fils à tisser
52 06 13 00 00
52 06 14 00 00
52 06 15 00 00
52 06 21 00 00
52 06 22 00 00
52 06 23 00 00
52 06 24 00 00
52 06 25 00 00
52 06 31 00 00
52 06 32 00 00
52 06 33 00 00
52 06 34 00 00
52 06 35 00 00
52 06 41 00 00
52 06 42 00 00
52 06 43 00 00
52 06 44 00 00
52 06 45 00 00
52 07 10
52 07 90
53 06 10 00 00
53 06 20
53 08 90 21 00
53 08 90 22 00
53 08 90 29 00
54 01 10
54 01 20 00 00
54 02 11 00 00
54 02 19 00 00
54 02 20 00 00
54 02 31 00 00
54 02 32 00 00
54 02 33 00 00
54 02 44 00 00
54 02 45 00 00
--- Page 32 (parsed text) --31
54 02 47 00 10
Fils à coudre conditionnés pour la vente au détail et fils à tisser
54 02 47 00 90
54 02 48 00 00
54 02 49 00 00
54 02 51 00 00
54 02 52 00 00
54 02 53 00 00
54 02 59 00 00
54 02 61 00 00
54 02 62 00 00
54 02 63 00 00
54 02 69 00
54 03 10 00 00
54 03 32 00 00
54 03 33 00 00
54 03 39 00 00
54 03 49 00 00
54 04 11 00 00
54 04 90 00 00
54 06 00 10
54 06 00 90
55 08 10 00
55 08 20 00
55 09 11 00 00
55 09 12 00
55 09 21 00
55 09 22 00
55 09 31 00
55 09 32 00
55 09 41 00
55 09 42 00
55 09 51
55 09 52
55 09 53
55 09 59
55 09 61 00
55 09 62 00 00
55 09 69 00 00
--- Page 33 (parsed text) --32
55 09 91 00 00
Fils à coudre conditionnés pour la vente au détail et fils à tisser
55 09 92 00 00
55 09 99 00 00
55 10 11
55 10 12
55 10 20
55 10 30
55 11 10
55 11 20
55 11 30
56 04 90 30 00
56 04 90 41 00
56 04 90 49 00
56 05 00 20 00
56 05 00 30 00
56 05 00 40 00
Ex 50 04 00 00
Ex 50 04 00 00 10
Ex 50 04 00 00 90
Ex 50 05 00 00 10
Ex 50 05 00 00 89
Ex 50 06 00 00
Ex 51 06 10 19 00
Ex 51 06 10 99 00
Ex 51 06 20 10 00
Ex 51 06 20 90 00
Ex 51 07 10 10 00
Ex 51 07 10 90 00
Ex 51 07 20 10 00
Ex 51 07 20 90 00
Ex 51 08 10 00 00
Ex 51 08 20 00 00
Ex 51 10 00 00 20
Ex 54 02 34 00 00
Ex 54 02 39 00 00
Ex 54 02 46 00 00
--- Page 34 (parsed text) --33
Ex 54 03 31 00 00
Fils à coudre conditionnés pour la vente au détail et fils à tisser
Ex 54 03 41 00 00
Ex 54 03 42 00 00
Ex 54 04 12 00 00
Ex 54 04 19 00 00
Ex 54 05 00 00 00
Ex 56 04 90 50 00
Ex 56 04 90 90 70
Ex 56 05 00 10 00
48 19 60 00 00
Articles scolaires et de bureau en papeterie
48 20 10 00 00
48 20 20 00 00
48 20 30 00 00
48 20 40 00 00
48 20 50 00 00
48 20 90 00 00
96 03 10 00 00
Brosses et brosserie
96 03 21 00 00
96 03 29 10
96 03 29 90
96 03 30 00 00
96 03 40 00 00
96 03 50 10 10
96 03 50 10 90
96 03 90 90 11
96 03 90 90 19
96 03 90 90 91
96 03 90 90 93
96 03 90 90 99
34 02 90 17 10
Détergents en poudre et liquide lessives, à l’exclusion de ceux
fabriqués au Maroc
34 02 90 17 90
Ex 34 01 11 50 00
Ex 34 01 11 61 00
Ex 34 01 11 69 00
Ex 34 01 19 40 00
Ex 34 01 19 50 10
--- Page 35 (parsed text) --34
Ex 34 01 19 50 90
Détergents en poudre et liquide lessives, à l’exclusion de ceux
fabriqués au Maroc
Ex 34 01 20 90 91
Ex 34 01 20 90 98
Ex 34 02 31 00 00
Ex 34 02 39 00 00
Ex 34 02 41 00 00
Ex 34 02 42 00 00
Ex 34 02 50 00 00
Ex 34 02 90 11 00
Ex 34 02 90 13 00
Ex 34 02 90 90
Ex 34 02 49 00 00
Ex 42 03 21 00 00
Articles de ganterie de protection
Ex 42 03 29
87 11 10
Cycles et cyclomoteurs
87 11 20
87 11 30
87 11 40
87 11 50
87 11 90
87 11 60 00 00
87 12 00 10 00
87 12 00 90
Ex 52 01 00 00 20
Ex 52 01 00 00 80
Coton en masse et égrené
Ex 52 01 00 00 20
27 11 13 00 10
Butane commerciale
Ex 27 11 29 00 00
Ex 63 05 33 10 00
Emballage toile polynothylène
Ex 63 05 33 21 10
Ex 63 05 33 21 90
Ex 63 05 33 29 10
Ex 63 05 33 29 90
Ex 63 05 33 91 10
Ex 63 05 33 91 90
Ex 63 05 33 99 10
Ex 63 05 33 99 90