--- Page 1 (parsed text) --Rabat, le 18 janvier 2021
CIRCULAIRE N° 6145/223
Objet: - Accord de Libre Echange entre le Royaume du Maroc et la République
Tunisienne du 16/03/1999.
- Modification des codifications douanières figurant sur les listes annexées à la
circulaire d’application de l’Accord suite à la modification de la nomenclature du
tarif des droits de douane.
- Arrêté du Ministre de l’Economie, des Finances et de la Réforme de
l’Administration n° 3280. 20 du 29 décembre 2020 (BO n° 6948 du 31 décembre
2020) modifiant la nomenclature du tarif des droits de douanes
Réf. : - Circulaire de base n° 4584/422 du 11 juin 1999 telle que modifiée.
- Circulaire n° 6135/211 du 31 décembre 2020.
Par circulaire n° 6135/211 visée en référence, le service a été informé de la modification de
certaines codifications du tarif des droits de douane.
Ces modifications ont eu des répercussions sur les codifications douanières figurant sur les listes
« M1 suite » et «M2» annexées à la circulaire d’application de l’Accord de Libre Echange conclu
avec la Tunisie, mentionnée en référence.
En conséquence, les listes « M1 suite » et «M2» annexées à la présente ont été actualisées pour
tenir compte de ces modifications.
Le Directeur Général de
l’Administration
LAKHDAR
SGIA/Diffusion/18-01-21/10h40
[Note: 5 image(s) found on this page. ]
--- Page 2 (parsed text) --1
LISTE M1 SUITE
PRODUITS TUNISIENS IMPORTES AU MAROC EN EXONERATION DES DROITS DE DOUANE
ET TAXES D'EFFET EQUIVALENT
0505. 10
0505. 90. 00
0506
0507
0508
0510
0511. 99. 10. 00
0511. 99. 21. 00
0511. 99. 29. 00
0903
1211. 90. 90. 90
1212. 21. 00. 00
1212. 29. 10. 00
1212. 29. 90. 00
1302. 12
1302. 13
1302. 14. 00. 00
1302. 19. 20. 00
1302. 19. 20. 00
1302. 19. 90. 30
1302. 19. 90. 30
1302. 19. 90. 93
1302. 20
1401. 10
1401. 20
1401. 90
1404
1505
1521
1522
1901. 90. 10. 10
1903
Ex 2001. 90
Ignames,
patates
douces
et
parties
comestibles
similaires de plantes
d'une
teneur
en
poids d'amidon ou
de fécules égale ou
supérieur à 5%
Ex 2001. 90
Cœurs de palmier
2004. 10. 91
2101. 20
2103. 10
2106. 90. 10
2208
2502
2503
2504
2505
2506
2507
2508
2509
2510
2511
2512
2513
2514
2516
2517
2518
2519. 10
2519. 90
2521
2523. 21
2523. 30
2523. 90
2524. 10. 00. 00
2524. 90. 00. 00
2525
2526
2528. 00. 10. 00
2528. 00. 90. 00
2529
2530. 10
2530. 90
Chapitre 26
2701
2702
2703
2704
2705
2706
2707
2708
2709
2711. 14
2711. 19
2711. 21
2711. 29
2713. 11
2713. 12
2713. 90
2716
2801. 20
2801. 30
2803
2804. 21
2804. 29
2804. 50
2804. 61
2804. 69
2804. 70
2804. 80
2804. 90
2805
2808
2810. 00
2811. 11
2811. 12
2811. 22
2811. 29
2812
2813
2814
2815. 20
2815. 30
2816
2817. 00. 90
2818
2819
2820
2821
2822
2823
2824
2825
2826
2827. 10
2827. 20
2827. 31
2827. 32
2827. 35
2827. 39
2827. 41
2827. 49
2827. 51
2827. 59
2827. 60
2829
2830
2831
2832
2833. 11
2833. 19
2833. 24
2833. 27
2833. 29
2833. 40
2834
2835. 10
2835. 24
2835. 29
2835. 31
2835. 39
2836
2837
2840
2841
2842. 10. 18. 00
2842. 10. 80. 00
2842. 90. 00. 81
2842. 90. 00. 82
2842. 90. 00. 89
2843
2844. 10
2844. 20
2844. 30. 10
2844. 30. 21
2844. 30. 29
2844. 30. 30
2844. 30. 90
2844. 40
2844. 50
2845
2846
2847
2849
2850
2852. 10. 10. 11
2852. 10. 10. 12
2852. 10. 10. 13
2852. 10. 10. 14
2852. 10. 10. 15
2852. 10. 10. 16
2852. 10. 10. 17
2852. 10. 10. 18
2852. 10. 10. 19
2852. 10. 10. 20
2852. 10. 10. 91
Ex 2852. 10. 10. 92
2852. 10. 10. 93
2852. 10. 10. 95
2852. 10. 10. 96
2852. 10. 10. 97
2852. 10. 10. 98
2852. 10. 20. 10
2852. 10. 20. 20
2852. 10. 20. 30
2852. 10. 20. 90
Ex 2852. 10. 90. 00
2852. 90. 00. 10
2852. 90. 00. 15
2852. 90. 00. 20
2852. 90. 00. 25
2852. 90. 00. 30
2852. 90. 00. 35
2852. 90. 00. 40
2852. 90. 00. 90
2853. 90
2901
2902
2903
2904
2905
2906
2907
2908
2909
2910
2911
2912
2913
2914
--- Page 3 (parsed text) --2
2915
2916
2917
2918
2919
2920
2921
2922
2923
2924
2925
2926
2927
2928
2929
2930
2931
2932
2933
2934
2935
2936
2937
2938
2939
2940
2941
2942
3002. 11
3002. 12
3002. 13
3002. 14
3002. 15
3002. 19
3002. 20. 00. 00
3002. 90. 05. 00
3003. 39. 20
3003. 60. 90. 10
3003. 90. 91
3004. 10. 20
3004. 10. 30
3004. 10. 91
3004. 10. 92
3004. 10. 93
3004. 20. 20
3004. 20. 30
3004. 20. 91
3004. 20. 92
3004. 20. 93
3004. 20. 94
3004. 31. 10
3004. 31. 91
3004. 31. 92
3004. 31. 93
3004. 32. 20
3004. 32. 30
3004. 32. 91
3004. 32. 92
3004. 32. 93
3004. 32. 94
3004. 39. 20
3004. 39. 30
3004. 39. 40
3004. 39. 91
3004. 39. 92
3004. 39. 93
3004. 41. 91
3004. 41. 92
3004. 41. 93
3004. 42. 91
3004. 42. 92
3004. 42. 93
3004. 43. 91
3004. 43. 92
3004. 43. 93
3004. 49. 20
3004. 49. 30
3004. 49. 60
3004. 49. 91
3004. 49. 92
3004. 49. 93
3004. 50. 20
3004. 50. 91
3004. 50. 92
3004. 50. 93
3004. 60. 90. 10
3004. 60. 90. 20
3004. 60. 90. 30
3004. 60. 90. 40
3004. 90. 20
3004. 90. 30
3004. 90. 50
3004. 90. 60
3004. 90. 70
3004. 90. 90. 10
3004. 90. 90. 20
3004. 90. 90. 30
3004. 90. 90. 40
3005. 10. 10
3006. 10. 20. 41
3006. 20
3006. 30
3006. 60. 11
3006. 60. 12
3006. 70. 90. 00
3006. 92. 21. 15
3006. 92. 21. 21
3006. 92. 21. 22
3006. 92. 21. 23
3006. 92. 21. 29
3006. 92. 21. 31
3006. 92. 21. 32
3006. 92. 21. 41
3006. 92. 21. 42
3006. 92. 21. 51
3006. 92. 21. 52
3006. 92. 21. 91
3006. 92. 21. 92
3006. 92. 21. 93
3006. 92. 21. 94
3006. 92. 21. 95
3006. 92. 21. 99
3006. 92. 22. 00
3006. 92. 23. 10
3006. 92. 23. 20
3006. 92. 23. 90
3006. 92. 29. 05
3006. 92. 29. 10
3006. 92. 29. 20
3006. 92. 29. 30
3006. 92. 34. 20
3006. 92. 36. 20
3006. 92. 39. 30
3006. 92. 39. 45
3006. 92. 41. 20
3006. 92. 41. 30
3006. 92. 41. 40
3006. 92. 41. 50
3006. 92. 41. 60
3006. 92. 42. 20
3006. 92. 42. 30
3006. 92. 42. 91
3006. 92. 42. 92
3006. 92. 42. 93
3006. 92. 42. 94
3006. 92. 43. 10
3006. 92. 43. 30
3006. 92. 43. 40
3006. 92. 43. 50
3006. 92. 44. 20
3006. 92. 44. 30
3006. 92. 44. 70
3006. 92. 44. 80
3006. 92. 44. 91
3006. 92. 44. 92
3006. 92. 45. 20
3006. 92. 45. 30
3006. 92. 45. 40
3006. 92. 45. 60
3006. 92. 45. 70
3006. 92. 45. 80
3006. 92. 46. 12
3006. 92. 46. 13
3006. 92. 46. 14
3006. 92. 46. 22
3006. 92. 46. 23
3006. 92. 46. 24
3006. 92. 46. 32
3006. 92. 46. 33
3006. 92. 46. 34
3006. 92. 46. 92
3006. 92. 46. 93
3006. 92. 46. 96
3006. 92. 46. 97
3006. 92. 46. 98
3006. 92. 47. 20
3006. 92. 47. 40
3006. 92. 47. 50
3006. 92. 47. 60
3006. 92. 48. 20
3006. 92. 48. 30
3006. 92. 48. 40
3006. 92. 48. 50
3006. 92. 49. 20
3006. 92. 49. 30
3006. 92. 49. 50
3006. 92. 49. 60
3006. 92. 49. 70
3006. 92. 49. 81
3006. 92. 49. 82
3006. 92. 49. 83
3006. 92. 49. 84
3006. 92. 51. 10
3006. 92. 91. 05
3006. 92. 92. 00
3006. 92. 93. 10
3006. 92. 93. 20
3006. 92. 93. 90
3006. 92. 96. 10
3006. 92. 96. 20
3006. 92. 99. 90
3101
3102
3103
3104
3105
3201
3202
3203
3204. 11
3204. 13
3204. 14
3204. 15
3204. 16
3204. 17
3204. 19
3204. 20
3204. 90
3206
3207
3208. 90. 10
3209. 90. 10
3210
3212. 10
3213
3402. 11
3402. 12
3402. 13
3402. 19
3402. 90. 11
3403
3404. 20
3507. 10
3507. 90
3601
3602
3603
3604
3606. 10
3606. 90
3701. 10
3701. 20. 10
3701. 20. 99
3701. 30. 90
3701. 91
3701. 99
3702. 10
3702. 31. 10. 90
3702. 31. 90. 10
3702. 31. 90. 90
--- Page 4 (parsed text) --3
3702. 32. 10. 90
3702. 32. 90. 10
3702. 32. 90. 90
3702. 39. 10. 90
3702. 39. 90. 10
3702. 39. 90. 90
3702. 41. 10. 90
3702. 41. 90. 10
3702. 41. 90. 90
3702. 42. 10. 90
3702. 42. 90. 10
3702. 42. 90. 90
3702. 43. 10. 90
3702. 43. 90. 10
3702. 43. 90. 90
3702. 44. 10. 90
3702. 44. 90. 10
3702. 44. 90. 90
3702. 52. 20. 00
3702. 52. 80. 11
3702. 52. 80. 19
3702. 52. 80. 80
3702. 53
3702. 54
3702. 55. 10
3702. 55. 90
3702. 56. 10
3702. 56. 90
3702. 96. 10. 00
3702. 96. 90. 11
3702. 96. 90. 19
3702. 96. 90. 80
3702. 97. 10. 00
3702. 97. 90. 11
3702. 97. 90. 19
3702. 97. 90. 80
3702. 98. 10. 00
3702. 98. 90. 10
3702. 98. 90. 90
3703
3706. 10. 10
3706. 10. 91
3706. 10. 93
3706. 10. 99
3706. 90. 10
3706. 90. 91
3706. 90. 93
3706. 90. 99
3707
3801
3802
3803
3805. 90. 20. 00
3806
3807
3810
3811
3812
3813
3814
3815
3817
3818
3821. 00. 00. 10
3821. 00. 00. 99
3822. 00. 91. 00
3822. 00. 92. 00
3822. 00. 93. 00
3822. 00. 99. 00
3823
3824. 10
3824. 30
3824. 60
Ex 3824. 71. 20. 00
3824. 71. 80. 00
3824. 72. 10. 00
3824. 72. 90. 00
3824. 73. 10. 00
3824. 73. 90. 00
3824. 74. 90. 00
3824. 75. 90. 00
3824. 76. 90. 00
3824. 77. 10. 00
3824. 77. 90. 00
3824. 78. 90. 00
3824. 79. 20. 00
3824. 79. 80. 00
3824. 81. 90. 00
3824. 82. 90. 00
3824. 83. 90. 00
3824. 84. 10. 00
3824. 84. 90. 00
3824. 84. 90. 00
3824. 85. 10. 00
3824. 85. 90. 00
3824. 85. 90. 00
3824. 86. 10. 00
3824. 86. 90. 00
3824. 86. 90. 00
3824. 87. 10. 00
3824. 87. 90. 00
3824. 87. 90. 00
3824. 88. 10. 00
3824. 88. 90. 00
3824. 88. 90. 00
3824. 91. 10. 00
3824. 91. 90. 00
3824. 91. 90. 00
3824. 99. 10
3824. 99. 20
3824. 99. 60. 50
3824. 99. 60. 90
3824. 99. 70. 00
3824. 99. 80. 00
3824. 99. 91. 00
3824. 99. 92. 00
3824. 99. 93. 00
3824. 99. 94. 00
3824. 99. 95. 00
3824. 99. 96. 00
3824. 99. 97. 00
3824. 99. 99
3825. 10. 00. 90
3825. 20. 00. 90
3825. 30. 49. 00
3825. 30. 51. 00
3825. 30. 59. 00
3825. 41. 00. 90
3825. 49. 00. 90
3825. 50. 00. 90
3825. 61. 00. 90
3825. 69. 00. 90
3825. 90. 00. 90
3826. 00. 00. 00
3901. 10. 90
3901. 20. 90
3901. 30. 20
3901. 30. 90
3901. 40. 20
3901. 40. 90
3901. 90. 25
3901. 90. 95
3902. 10. 90
3902. 20. 90
3902. 30. 90
3902. 90. 20
3902. 90. 90
3903. 11. 90
3903. 19. 90
3903. 20. 90
3903. 30. 90
3903. 90. 90
3904. 30. 90
3904. 40. 20
3904. 40. 90
3904. 50. 90
3904. 61. 90
3904. 69. 20
3904. 69. 90
3904. 90. 19
3904. 90. 29
3904. 90. 95
3904. 90. 99
3905. 19. 90
3905. 29. 19
3905. 29. 95
3905. 29. 99
3905. 30. 90
3905. 91. 30
3905. 99. 30
3905. 99. 95
3905. 99. 99
3906. 10. 90
3906. 90. 19
3906. 90. 95
3906. 90. 99
3907. 10
3907. 20. 00. 00
3907. 30
3907. 40
3907. 61. 10
3907. 69. 10
3907. 70. 10. 00
3907. 70. 91. 00
3907. 70. 99. 00
3907. 99. 20. 00
3907. 99. 92. 00
3907. 99. 98. 00
3908. 10. 90
3908. 90. 90
3909. 10. 11
3909. 20. 90
3909. 31. 90
3909. 39. 90
3909. 40. 90
3909. 50. 90
3910
3911. 10. 11
3911. 10. 13
3911. 10. 19
3911. 10. 91
3911. 10. 93
3911. 10. 99
3911. 90. 10
3911. 90. 93
3911. 90. 99
3912. 11. 00
3912. 20. 10
3912. 31. 10
3912. 39. 10
3912. 90. 21
3913. 10. 00
3914
3920. 43. 20. 10
3920. 49. 20. 10
3921. 19. 16
3921. 90. 20
4001
4002
4003
4004. 00. 10
4004. 00. 21
4004. 00. 22
4004. 00. 40
4004. 00. 90
4005. 10. 10
4005. 20
4005. 91. 91
4005. 99. 90
4006. 90. 11
4007
4009. 41. 10
4010. 11. 10
4011. 30
4012. 90. 21
4014
4015. 11
4016. 99. 93
4016. 99. 94. 20
4101
4102
4103
4115. 20
4301
4401
4402. 10. 00. 00
4402. 90. 00. 00
4403
4701. 00. 10
4702. 00. 10
--- Page 5 (parsed text) --4
4702. 00. 21
4702. 00. 29
4702. 00. 31
4702. 00. 91
4703. 11
4703. 19. 10
4703. 21. 10
4703. 21. 90
4703. 29. 10
4704. 11
4704. 19. 10
4704. 21. 10
4704. 21. 90
4704. 29. 10
4705. 00. 10
4706
4707. 10
4707. 30
4801. 00. 10. 11
4801. 00. 10. 90
4801. 00. 20. 10
4801. 00. 20. 90
4802. 61. 13. 00
4802. 62. 15. 00
4802. 69. 10. 00
4804. 31. 10. 00
4804. 31. 20
4804. 39. 10
4805. 24. 10. 00
4805. 25. 10. 00
4805. 50. 00
4805. 91. 10
4805. 92. 10
4805. 93. 10
4808. 10. 23
4813
4816. 90. 20. 00
4823. 20. 13
4823. 90. 13
4823. 90. 41. 36
4823. 90. 42. 21
4823. 90. 42. 50
4823. 90. 42. 91
4823. 90. 45. 11
4901. 10
4901. 91. 90
4901. 99. 99
4902. 10. 90
4902. 90. 90
4904. 00. 90
4905
4906
4907. 00. 10
4907. 00. 20
4907. 00. 91
4908. 10. 00. 11
4908. 10. 00. 91
4908. 90. 00. 11
4908. 90. 00. 91
4911. 10. 10
4911. 10. 91
4911. 99. 10
4911. 99. 91
5001
5002
5003
5004
5005
5006
5007
5101
5102
5103. 10. 00. 00
5103. 20. 00. 20
5103. 20. 00. 92
5103. 20. 00. 98
5103. 30. 00. 20
5103. 30. 00. 92
5103. 30. 00. 98
5104
5105
5111. 11. 20. 90
5111. 11. 92. 90
5111. 19. 20. 90
5111. 19. 92. 90
5111. 20. 20. 90
5111. 20. 92. 90
5111. 30. 20. 90
5111. 30. 92. 90
5111. 90. 20. 90
5111. 90. 92. 90
5112. 11. 20. 90
5112. 11. 92. 90
5112. 19. 20. 90
5112. 19. 92. 90
5112. 20. 20. 90
5112. 20. 92. 90
5112. 30. 20. 90
5112. 30. 92. 90
5112. 90. 20. 90
5112. 90. 92. 90
5201
5202
5203
5301
5302
5303
5305. 00
5501
5502
5503
5504
5505
5506
5507
5601. 30
5603. 11. 10
5604. 90. 30
5604. 90. 41
5604. 90. 70
5604. 90. 80
5608. 11. 10
5608. 90. 10. 10
5608. 90. 20. 10
5811. 00
5902. 10. 10
5902. 20. 10
5902. 90. 10
5903. 10. 10
5903. 20. 10
5903. 90. 10
5906. 99. 10
5906. 99. 20
5907. 00. 10
5908
5909
5910
5911
6115. 10. 00. 10
6214. 10
6215. 10
6310. 10. 11
6310. 10. 19
6310. 90. 11
6310. 90. 12
6310. 90. 19
6310. 90. 20
6601. 91
6601. 99
6602. 00
6603. 20
6603. 90
6701
6702
6703
6704
6806. 20
6815. 10
6902. 10
6903. 10
6909
6914
7001
7002
7003
7004
7005
7006
7008
7010. 90. 31
7010. 90. 32
7010. 90. 91
7010. 90. 92
7011
7014
7015
7016
7017
7018
7019
7020. 00. 91. 11
7020. 00. 91. 19
7020. 00. 91. 91
7020. 00. 91. 99
7101
7102
7103
7104
7105
7106
7107
7108
7109
7110
7111
7112. 30
7112. 91
7112. 92
7112. 99
7113
7114
7115
7116
7117
7118
7201
7202
7203
7204
7205
7206
7207
7208
7209
7210. 11
7210. 12
7210. 30
7210. 50
7210. 61
7210. 69
7211
7212. 10. 10
7212. 10. 21
7212. 10. 29
7212. 10. 91
7212. 10. 99
7212. 20
7212. 40. 31
7212. 50. 10
7212. 50. 20
7212. 50. 31
7212. 50. 32
7212. 50. 33
7212. 50. 39
7212. 50. 61
7212. 50. 62
7212. 50. 64
7212. 50. 69
7212. 60. 10
7212. 60. 21
7212. 60. 29
7212. 60. 91
7213. 10. 10
7213. 20. 00
7213. 91. 10
7213. 91. 20
7213. 99. 00
7214. 10. 00
7214. 20. 20
7214. 30. 00
--- Page 6 (parsed text) --5
7214. 91
7214. 99. 10
7214. 99. 91
7214. 99. 99
7215. 10. 10
7215. 10. 90
7215. 50. 10
7215. 50. 90
7215. 90. 11
7215. 90. 90
7216. 10
7216. 21
7216. 22
7216. 31
7216. 32
7216. 33
7216. 40
7216. 50
7216. 61
7216. 69
7216. 91
7216. 99
7217. 10. 10
7217. 10. 20
7217. 20. 10
7217. 20. 91
7217. 30. 10
7217. 30. 99
7217. 90. 10
7217. 90. 20
7218
7219
7220
7221
7222
7223
7224
7225
7226
7227
7228. 10
7228. 20
7228. 30
7228. 40
7228. 50
7228. 60
7228. 70
7228. 80
7229
7301. 10
7302. 10
7302. 30
7302. 40
7302. 90. 30
7302. 90. 40
7302. 90. 90
7303
7304. 11. 10. 10
7304. 11. 10. 90
7304. 11. 91. 00
7304. 11. 99. 00
7304. 19. 10. 10
7304. 19. 10. 90
7304. 19. 91. 00
7304. 19. 99. 00
7304. 22. 10. 10
7304. 22. 10. 90
7304. 22. 91. 00
7304. 22. 99. 00
7304. 23. 10. 10
7304. 23. 10. 90
7304. 23. 91. 00
7304. 23. 99. 00
7304. 24. 10. 10
7304. 24. 10. 90
7304. 24. 91. 00
7304. 24. 99. 00
7304. 29. 20. 10
7304. 29. 20. 90
7304. 29. 92. 00
7304. 29. 98. 00
7304. 31
7304. 39. 10
7304. 39. 20
7304. 39. 31
7304. 39. 40
7304. 39. 91
7304. 39. 99
7304. 41
7304. 49
7304. 51
7304. 59
7304. 90
7305. 11. 99
7305. 12. 99
7305. 19. 99
7305. 20. 99
7305. 31. 99
7305. 39. 99
7305. 90. 99
7306. 11. 99. 00
7306. 19. 99. 00
7306. 21. 99. 00
7306. 29. 99. 00
7306. 30. 99
7306. 40. 19
7306. 40. 99
7306. 50. 99
7306. 69. 91. 00
7306. 69. 99. 00
7306. 90. 99
7309. 00. 31
7309. 00. 82
7311. 00. 10
7311. 00. 20
7311. 00. 30
7311. 00. 40
7311. 00. 50
7311. 00. 60
7312. 10
7312. 90
7314. 19. 10
7316
7318. 12. 10
7318. 13. 10
7318. 14. 10
7318. 15. 10
7318. 16. 10
7318. 19. 10
7318. 21. 10
7318. 22. 10
7318. 23. 10
7318. 24. 10
7318. 29. 10
7319
7321. 90. 10
7401
7402
7403
7404
7405. 00. 10
7405. 00. 90
7406. 10. 00
7406. 20. 00
7407. 10. 10
7407. 10. 90
7407. 21
7407. 29
7408. 11. 00
7408. 19. 90
7408. 21. 10
7408. 21. 29
7408. 21. 30
7408. 21. 41
7408. 21. 91
7408. 22. 10
7408. 22. 29
7408. 22. 30
7408. 22. 41
7408. 22. 91
7408. 29. 10
7408. 29. 29
7408. 29. 31
7408. 29. 39
7408. 29. 41
7408. 29. 91
7409
7410
7415. 21. 10
7415. 29. 10
7415. 33. 11
7415. 33. 91
7415. 39. 10
7419. 91. 30
7419. 99. 30
7419. 99. 50
7501
7502
7503
7504
7505
7506
7507
7508. 90. 10
7508. 90. 21
7601
7602
7603
7604. 10. 31
7604. 10. 40
7604. 10. 51
7604. 10. 91
7604. 29. 21
7604. 29. 30
7604. 29. 41
7604. 29. 91
7605. 19. 10
7605. 19. 21
7605. 19. 90
7605. 21. 00
7605. 29. 21
7605. 29. 90
7606. 11
7606. 12
7606. 91
7606. 92
7607. 11. 00
7607. 19. 10
7616. 10. 10
7616. 99. 50
7801
7802
7804
7806. 00. 00. 10
7806. 00. 00. 21
7806. 00. 00. 29
7806. 00. 00. 30
7806. 00. 00. 40
7806. 00. 00. 90
7901
7902
7903
7904
7905
7907. 00. 10
7907. 00. 20
8001
8002
8101
8102
8103
8104
8105
8106
8107
8108
8109
8110
8111
8112
8113
8201. 50
8201. 60
8201. 90. 20. 00
8202. 10. 00
8202. 31
8202. 39
8202. 40
8202. 99
8203
--- Page 7 (parsed text) --6
8204
8205. 10. 00
8205. 30. 00
8205. 40. 00
8205. 51
8205. 59. 20
8205. 59. 30
8205. 59. 40
8205. 59. 90
8205. 60. 00
8205. 70. 00
8205. 90. 00. 11
8205. 90. 00. 12
8205. 90. 00. 19
8205. 90. 00. 90
8206. 00. 00
8207
8208
8209
8210
8212
8213
8301. 10
8302. 20
8308
8401
8402. 11
8402. 12. 10
8402. 19. 10
8402. 90
8404. 10. 10
8404. 10. 90
8404. 20
8404. 90
8405
8406
8407. 10
8407. 21
8407. 29
8407. 33
8407. 34
8407. 90
8408. 10. 10
8408. 10. 90
8408. 90
8409. 91. 11
8409. 91. 19
8409. 91. 29
8409. 91. 49
8409. 91. 90
8409. 99. 11
8409. 99. 19
8409. 99. 41
8409. 99. 49
8409. 99. 90
8410
8411
8412. 10
8412. 21
8412. 29
8412. 31
8412. 39
8412. 80. 10
8412. 80. 20
8412. 80. 91
8412. 80. 99
8412. 90
8413. 11
8413. 19
8413. 20
8413. 30
8413. 40
8413. 50
8413. 60
8413. 70. 11
8413. 81
8413. 82
8413. 91
8413. 92
8414. 10
8414. 20
8414. 30. 11
8414. 30. 19
8414. 30. 20
8414. 30. 90
8414. 40
8414. 51. 19
8414. 51. 90
8414. 59. 90
8414. 60. 90
8414. 80
8414. 90. 10
8414. 90. 20
8414. 90. 30
8414. 90. 40
8414. 90. 50
8414. 90. 60
8414. 90. 70
8414. 90. 90
8415. 10
8415. 20
8415. 81
8415. 82
8415. 90
8416
8417. 20. 10
8417. 80
8417. 90
8418. 50. 15
8418. 61
8418. 69
8418. 99
8419. 20
8419. 31
8419. 32
8419. 39
8419. 40
8419. 50
8419. 60
8419. 81. 10
8419. 81. 30
8419. 81. 80
8419. 89
8419. 89
8419. 90. 90. 80
8420. 10
8420. 91
8420. 99
8421. 11
8421. 12
8421. 19
8421. 19. 00. 90
8421. 21
8421. 22
8421. 29. 90
8421. 39. 90
8421. 91. 00. 00
8421. 99. 10
8421. 99. 29
8422
8423. 10
8423. 20
8423. 30
8423. 81. 20
8423. 81. 81
8423. 81. 89
8423. 82. 20
8423. 82. 81
8423. 82. 89
8423. 89
8424. 20
8424. 30
8424. 41
8424. 49
8424. 82
8424. 89. 00. 00
8424. 90. 00. 80
8425
8426. 11. 90
8426. 12. 10
8426. 12. 90
8426. 19
8426. 20. 10
8426. 20. 90
8426. 30. 10
8426. 30. 90
8426. 41
8426. 49
8426. 91
8426. 99
8427
8428. 10
8428. 20
8428. 31
8428. 32
8428. 33. 10
8428. 39. 00. 00
8428. 40
8428. 60
8428. 90
8428. 90. 70. 10
8428. 90. 70. 90
8429
8430
8431. 10
8431. 20
8431. 31
8431. 39. 20
8431. 39. 80. 00
8431. 41. 11
8431. 43
8431. 49. 11
8431. 49. 19
8431. 49. 22
8431. 49. 29
8431. 49. 30
8432. 10. 20
8432. 21. 00
8432. 29
8432. 31
8432. 39
8432. 42
8432. 80
8433
8434
8435
8436. 10
8436. 21
8436. 29
8436. 80
8436. 91
8436. 99
8437
8438. 10. 90
8438. 20
8438. 30
8438. 40
8438. 50
8438. 60
8438. 80
8438. 90
8439
8440
8441
8442. 30. 10. 00
8442. 30. 20. 10
8442. 30. 20. 91
8442. 30. 20. 99
8442. 30. 80. 10
8442. 30. 80. 91
8442. 30. 80. 99
8443
8444
8445
8446
8447
8448
8449
8450. 20
8450. 90
8451. 10
8451. 21
8451. 29
8451. 30
8451. 40
8451. 50
8451. 80
8451. 90. 00. 10
8451. 90. 00. 90
8452
--- Page 8 (parsed text) --7
8453
8454
8455
8456
8457
8458
8459
8460
8461
8462
8463
8464. 10. 00. 00
8464. 20. 00. 20
8464. 20. 00. 80
8464. 90. 20. 00
8465
8466. 10. 00. 00
8466. 20. 00. 00
8466. 30. 00. 00
8466. 91. 00. 00
8466. 92. 00. 00
8466. 93. 00. 30
8466. 93. 00. 70
8466. 94. 00. 00
8467
8468
8470
8471
8472
8472. 90. 20. 10
8472. 90. 20. 20
8472. 90. 20. 31
8472. 90. 20. 39
8472. 90. 20. 91
8472. 90. 20. 99
8473
8474. 10
8474. 20
8474. 31. 19
8474. 31. 90
8474. 32
8474. 39
8474. 80
8474. 90. 92
8475
8476
8477
8478
8479. 10
8479. 20
8479. 30
8479. 40
8479. 50. 00. 00
8479. 60
8479. 71. 00. 10
8479. 71. 00. 90
8479. 79. 00. 00
8479. 81
8479. 82
8479. 89. 10
8479. 89. 90. 00
8479. 90
8482
8483. 10. 19
8483. 10. 29
8483. 10. 90
8483. 20
8483. 30
8483. 40
8483. 60. 90
8486. 10. 00. 00
8486. 20. 10. 00
8486. 20. 20. 00
8486. 20. 30. 10
8486. 20. 30. 20
8486. 20. 30. 90
8486. 20. 90. 00
Ex 8486. 30. 00. 00
8486. 40. 10. 10
8486. 40. 10. 20
8486. 40. 10. 90
Ex 8486. 40. 90. 00
8486. 90. 10. 00
8486. 90. 20. 00
8486. 90. 30. 00
8486. 90. 40. 00
8486. 90. 50. 00
8486. 90. 60. 00
Ex 8486. 90. 90. 00
8487. 10. 00. 10
8487. 10. 00. 90
8501
8502. 12
8502. 13
8502. 20
8502. 31
8502. 39
8502. 40
8503
8504. 21. 10
8504. 21. 81
8504. 22. 10
8504. 23. 10
8504. 31. 91
8504. 31. 92
8504. 32. 91
8504. 33. 10
8504. 34. 10
8504. 40. 20
8504. 40. 91
8504. 90
8505
8506. 90. 11
8506. 90. 19
8507. 50. 10. 00
8507. 50. 90. 00
8507. 60. 10. 00
8507. 60. 90. 00
8507. 80. 05. 00
8507. 80. 20. 00
8507. 80. 98. 00
8507. 90
8508. 11. 00. 00
8508. 19. 10. 00
8508. 19. 90. 00
8508. 60. 00. 00
8508. 70. 10. 00
8508. 70. 90. 00
8509
8510
8511. 10
8511. 20
8511. 30
8511. 40
8511. 50
8511. 80
8511. 90
8512. 10
8512. 20
8512. 30
8512. 40
8512. 90
8513
8514
8515
8516. 10. 20
8516. 31
8516. 32
8516. 33
8516. 40
8516. 50
8516. 71
8516. 72
8516. 79
8517
8518
8519
8521
8522
8523
8525. 50. 00. 10
8525. 50. 00. 90
8525. 60. 00. 10
8525. 60. 00. 90
8525. 80. 10. 00
8525. 80. 90. 00
8526. 10
8526. 91
8526. 92
8527
8528. 42. 00. 00
8528. 49. 00. 00
8528. 52. 00. 00
8528. 59. 00. 00
8528. 62. 00. 00
8528. 69. 00. 00
8528. 71. 10. 10
8528. 71. 10. 90
8528. 71. 91. 00
8528. 71. 99. 10
8528. 71. 99. 91
8528. 71. 99. 99
8528. 72. 10. 10
8528. 72. 10. 90
8528. 72. 91. 00
8528. 72. 99. 10
8528. 72. 99. 91
8528. 72. 99. 99
8528. 73. 00. 00
8529. 10. 10
8529. 10. 22
8529. 10. 29
8529. 90. 00
8530
8531
8532
8533
8534
8535. 40
8536. 41
8536. 49
8536. 70. 10. 00
8536. 90. 20
8539. 10
8539. 21
8539. 22
8539. 29
8539. 31
8539. 32
8539. 39
8539. 41. 10
8539. 41. 90
8539. 49
8539. 50. 00. 00
8539. 90
8540. 11. 00
8540. 12
8540. 20
8540. 40. 00. 20
8540. 40. 00. 80
8540. 60
8540. 71
8540. 79. 00. 10
8540. 79. 00. 90
8540. 81. 00
8540. 89. 00
8540. 91. 00
8540. 99. 00
8541
8542. 31. 00. 00
8542. 32. 00. 00
8542. 33. 00. 00
8542. 39. 00. 00
8542. 90. 00. 00
8543. 10. 00. 00
8543. 70. 10. 00
8543. 70. 80. 00
8543. 90. 20. 00
8543. 90. 80. 00
8544. 30
8544. 70
8545. 11
8545. 19
8545. 20
8545. 90
8546
8547
8548. 90. 00. 00
8601
8602
--- Page 9 (parsed text) --8
8603
8604
8606. 30. 00
8606. 91. 00. 11
8606. 91. 00. 91
8607
8608
8609
8701. 10
8701. 20. 10
8701. 30
8701. 91. 10
8701. 91. 20
8701. 91. 30
8701. 91. 40. 11
8701. 91. 40. 19
8701. 91. 40. 91
8701. 91. 40. 99
8701. 91. 50
8701. 91. 60
8701. 91. 90
8701. 92. 10
8701. 92. 20
8701. 92. 30
8701. 92. 40. 11
8701. 92. 40. 19
8701. 92. 40. 91
8701. 92. 40. 99
8701. 92. 50
8701. 92. 60
8701. 92. 90
8701. 93. 10
8701. 93. 20
8701. 93. 30
8701. 93. 40. 11
8701. 93. 40. 19
8701. 93. 40. 91
8701. 93. 40. 99
8701. 93. 50
8701. 93. 60
8701. 93. 90
8701. 94. 10
8701. 94. 20
8701. 94. 30
8701. 94. 40. 91
8701. 94. 40. 99
8701. 94. 50
8701. 94. 60
8701. 94. 90
8701. 95. 10
8701. 95. 20
8701. 95. 30
8701. 95. 40. 91
8701. 95. 40. 99
8701. 95. 50
8701. 95. 60
8701. 95. 90
8702. 10. 20
8702. 20. 10
8702. 30. 10
8702. 40. 00
8702. 90. 15
8703. 22. 82
8703. 23. 42
8703. 23. 52
8703. 23. 82
8703. 24. 82
8703. 32. 42
8703. 32. 52
8703. 32. 82
8703. 33. 82
8703. 80. 00
8704. 10
8704. 21. 11
8704. 21. 19
8704. 21. 30
8704. 21. 91
8704. 22. 10
8704. 23. 10
8704. 31. 10
8704. 32. 10
8704. 90. 10
8704. 90. 91
8705. 20. 00
8705. 30. 00
8705. 40. 00
8705. 90. 10
8705. 90. 20
8705. 90. 92
8708. 30. 90. 10
8708. 30. 90. 92
8708. 30. 90. 99
8708. 40. 00. 10
8708. 40. 00. 90
8708. 50. 00. 10
8708. 50. 00. 20
8708. 50. 00. 91
8708. 50. 00. 99
8708. 70
8708. 80. 00. 19
8708. 80. 00. 29
8708. 80. 00. 90
8708. 92. 90. 00
8708. 93. 91
8708. 93. 99
8708. 94. 10. 00
8708. 94. 90. 90
8708. 95. 00. 00
8708. 99. 50. 00
8708. 99. 99. 00
8709
8710
8713
8714. 20
8716. 10. 11
8716. 20. 11
8716. 31. 11
8716. 39. 10
8716. 39. 21
8716. 40. 11
Chapitre 88
Chapitre 89
9001. 10
9001. 20
9001. 30
9001. 40
9001. 50
9001. 90
9002
9003. 90
9005
9006
9007
9008
9010
9011
9012
9013
9014
9015
9016
9017
9018
9019
9020
9021. 10. 10
9021. 10. 90
9021. 29
9021. 31
9021. 39. 90
9021. 40
9021. 50
9021. 90
9022
9023
9024
9025
9026
9027
9028. 90. 13
9029
9030
9031
9032
9033
9101
9102
9103
9104
9105
9106. 10
9106. 90. 00. 10
9106. 90. 00. 90
9107
9108
9109
9110
9111
9112
9113
9114
9201
9202
9205
9206
9207
9208
9209
9402. 10
9405. 91. 20
9405. 92. 10
9405. 99. 10
9503
9504. 20
9504. 30
9504. 50. 00. 00
9504. 90
9505
9506
9507
9508
9601
9602
9605
9606
9612
9613
9614
9617
9618
9620. 00. 00. 19
9620. 00. 00. 91
9620. 00. 00. 99
--- Page 10 (parsed text) --1
LISTE M 2
PRODUITS TUNISIENS ADMIS EN EXONERATION DES DROITS DE DOUANE ET TAXES D'EFFET EQUIVALENT
A LEUR IMPORTATION AU MAROC
(SUITE A L’ACHEVEMENT DU DEMANTELEMENT TARIFAIRE)
Ex 0405. 20
pâtes à tartiner
laitières d'une teneur
en matières grasses
inférieure à 75%
1302. 31
Ex 1302. 32
Mucilages et
épaississants de
caroubes ou de
graines de caroubes,
même modifiés
Ex 1516. 20
Graisses et huiles
végétales et leurs
fractions, huiles de
ricin hydrogénées,
dites (opalwax)
1516. 20. 10. 10
1516. 20. 10. 90
1516. 20. 20. 00
1516. 20. 31. 10
1516. 20. 31. 20
1516. 20. 31. 90
1516. 20. 39. 00
1803
1804
1805
2101. 11
2101. 12
2101. 30
2103. 20
2103. 30
2103. 90
2104
2106. 10. 00. 00
2106. 90. 21
2106. 90. 29
2106. 90. 31
2106. 90. 39
2106. 90. 50
2106. 90. 60
2106. 90. 71
2106. 90. 72. 00
2106. 90. 79. 11
2106. 90. 79. 12
2106. 90. 79. 19
2106. 90. 79. 90
2106. 90. 80. 00
2106. 90. 90
2202. 91. 00. 00
2202. 99
2205
2207
2209
2402
2403
2501. 00
2515
2520
2522
2523. 10
2523. 29
2530. 20
2710. 12. 11. 00
2710. 12. 19. 00
2710. 12. 21. 00
2710. 12. 29. 00
2710. 12. 91. 00
2710. 12. 92. 00
2710. 12. 99. 10
2710. 12. 99. 90
2710. 19. 13. 00
2710. 19. 15. 00
2710. 19. 17. 00
2710. 19. 22. 10
2710. 19. 22. 90
2710. 19. 28. 10
2710. 19. 28. 91
2710. 19. 28. 92
2710. 19. 28. 99
2710. 19. 31. 00
2710. 19. 32. 00
2710. 19. 39. 00
2710. 19. 80. 10
2710. 19. 80. 21
2710. 19. 80. 29
2710. 19. 80. 81
2710. 19. 80. 89
2710. 20. 00. 11
2710. 20. 00. 12
2710. 20. 00. 13
2710. 20. 00. 19
2710. 20. 00. 21
2710. 20. 00. 22
2710. 20. 00. 29
2710. 20. 00. 31
2710. 20. 00. 39
2710. 20. 00. 91
2710. 20. 00. 92
2710. 20. 00. 93
2710. 20. 00. 94
2710. 20. 00. 99
2710. 91. 00. 00
2710. 99. 00. 00
2711. 11
2711. 12
2711. 13
2712
2713. 20. 00. 00
2714
2715. 00
2801. 10
2802. 00
2804. 10
2804. 30
2804. 40
2806
2807. 00
2809
2811. 21
2815. 11
2815. 12
2817. 00. 10
2827. 39. 00. 30
2828
2833. 21
2833. 22
2833. 25
2833. 29. 00. 70
2833. 30
2835. 22
2835. 25
2835. 26
2835. 29. 90. 30
2839. 11. 00. 00
2839. 19. 00. 00
2839. 90. 00. 10
2839. 90. 00. 21
2839. 90. 00. 29
2839. 90. 00. 91
2839. 90. 00. 99
2842. 10. 12. 00
2842. 90. 00. 12
2842. 90. 00. 13
2842. 90. 00. 14
2842. 90. 00. 15
2842. 90. 00. 16
2842. 90. 00. 19
2842. 90. 00. 22
2842. 90. 00. 23
2842. 90. 00. 24
2842. 90. 00. 25
2842. 90. 00. 26
2842. 90. 00. 29
2842. 90. 00. 31
2842. 90. 00. 35
2842. 90. 00. 42
2842. 90. 00. 45
2842. 90. 00. 52
2842. 90. 00. 56
2842. 90. 00. 62
2842. 90. 00. 66
2842. 90. 00. 72
2842. 90. 00. 76
2842. 90. 00. 79
2842. 90. 00. 95
2852. 10. 10. 94
2852. 10. 10. 99
2852. 10. 30. 00
2852. 90. 00. 50
2852. 90. 00. 55
2852. 90. 00. 60
2853. 10. 00. 00
2853. 90. 90. 10
2853. 90. 90. 20
2853. 90. 90. 30
2853. 90. 90. 90
3001. 20. 00. 00
3001. 90. 10. 10
3001. 90. 10. 90
3001. 90. 20. 10
3001. 90. 20. 91
3001. 90. 20. 99
3001. 90. 90. 00
3002. 13. 00. 20
3002. 14. 00. 20
3002. 15. 00. 20
3002. 30. 10. 00
3002. 30. 91. 00
3002. 30. 99. 00
3002. 90. 10. 10
3002. 90. 10. 80
3002. 90. 90. 11
3002. 90. 90. 17
3002. 90. 90. 91
3002. 90. 90. 97
3003. 10
3003. 20
3003. 31. 00. 00
3003. 39. 10. 00
3003. 39. 90. 00
3003. 41
3003. 42
3003. 43
3003. 49
3003. 60. 10. 00
3003. 60. 90. 90
3003. 90. 10
3003. 90. 92. 00
3003. 90. 93. 00
3003. 90. 98. 10
3003. 90. 98. 80
3004. 10. 10. 00
3004. 10. 99. 00
3004. 20. 10. 00
3004. 20. 95. 00
3004. 20. 96. 00
3004. 20. 99
3004. 31. 20. 00
3004. 31. 99. 00
3004. 32. 10. 00
3004. 32. 99. 00
3004. 39. 10. 00
--- Page 11 (parsed text) --2
3004. 39. 50. 00
3004. 39. 99
3004. 41. 10. 00
3004. 41. 99. 00
3004. 42. 10. 00
3004. 42. 99. 00
3004. 43. 10. 00
3004. 43. 99. 00
3004. 49. 10. 00
3004. 49. 40. 00
3004. 49. 50. 00
3004. 49. 99. 00
3004. 50. 10. 00
3004. 50. 30. 00
3004. 50. 99. 00
3004. 60. 10. 00
3004. 60. 90. 90
3004. 90. 15. 00
3004. 90. 90. 50
3004. 90. 90. 60
3004. 90. 90. 70
3004. 90. 90. 90
3005. 10. 91. 00
3005. 10. 99
3005. 90. 10. 00
3005. 90. 91. 00
3005. 90. 99
3006. 10. 10. 00
3006. 10. 20. 10
3006. 10. 20. 20
3006. 10. 20. 30
3006. 10. 20. 42
3006. 10. 20. 49
3006. 10. 20. 50
3006. 10. 20. 61
3006. 10. 20. 62
3006. 10. 20. 63
3006. 10. 20. 69
3006. 10. 20. 71
3006. 10. 20. 72
3006. 10. 20. 73
3006. 10. 20. 75
3006. 10. 20. 79
3006. 10. 20. 81
3006. 10. 20. 82
3006. 10. 20. 83
3006. 10. 20. 89
3006. 10. 20. 91
3006. 10. 20. 92
3006. 10. 20. 93
3006. 10. 20. 94
3006. 10. 20. 99
3006. 10. 30. 10
3006. 10. 30. 20
3006. 10. 30. 30
3006. 10. 30. 40
3006. 10. 30. 91
3006. 10. 30. 92
3006. 10. 30. 93
3006. 10. 30. 94
3006. 10. 30. 95
3006. 10. 30. 99
3006. 10. 40. 00
3006. 10. 90. 00
3006. 40
3006. 50
3006. 60. 19. 00
3006. 60. 91. 00
3006. 60. 99. 00
3006. 70. 10. 00
3006. 91. 00. 00
3006. 92. 10. 10
3006. 92. 10. 20
3006. 92. 10. 30
3006. 92. 10. 40
3006. 92. 10. 50
3006. 92. 10. 90
3006. 92. 21. 39
3006. 92. 21. 49
3006. 92. 21. 59
3006. 92. 23. 10
3006. 92. 23. 20
3006. 92. 23. 90
3006. 92. 29. 10
3006. 92. 29. 20
3006. 92. 29. 30
3006. 92. 29. 40
3006. 92. 29. 50
3006. 92. 29. 90
3006. 92. 31. 10
3006. 92. 31. 20
3006. 92. 31. 30
3006. 92. 31. 40
3006. 92. 31. 50
3006. 92. 31. 90
3006. 92. 32. 10
3006. 92. 32. 90
3006. 92. 33. 00
3006. 92. 34. 10
3006. 92. 34. 90
3006. 92. 35. 11
3006. 92. 35. 19
3006. 92. 35. 21
3006. 92. 35. 29
3006. 92. 35. 31
3006. 92. 35. 39
3006. 92. 35. 91
3006. 92. 35. 99
3006. 92. 36. 10
3006. 92. 36. 90
3006. 92. 39. 10
3006. 92. 39. 25
3006. 92. 39. 50
3006. 92. 39. 60
3006. 92. 39. 70
3006. 92. 39. 80
3006. 92. 41. 10
3006. 92. 41. 90
3006. 92. 42. 10
3006. 92. 42. 95
3006. 92. 42. 96
3006. 92. 42. 97
3006. 92. 42. 99
3006. 92. 43. 20
3006. 92. 43. 90
3006. 92. 44. 10
3006. 92. 44. 50
3006. 92. 44. 60
3006. 92. 45. 10
3006. 92. 45. 50
3006. 92. 45. 91
3006. 92. 45. 99
3006. 92. 46. 11
3006. 92. 46. 19
3006. 92. 46. 21
3006. 92. 46. 29
3006. 92. 46. 31
3006. 92. 46. 39
3006. 92. 46. 91
3006. 92. 46. 94
3006. 92. 46. 99
3006. 92. 47. 10
3006. 92. 47. 30
3006. 92. 47. 90
3006. 92. 48. 10
3006. 92. 48. 90
3006. 92. 49. 15
3006. 92. 49. 85
3006. 92. 49. 86
3006. 92. 49. 87
3006. 92. 49. 89
3006. 92. 51. 30
3006. 92. 51. 40
3006. 92. 51. 90
3006. 92. 59. 10
3006. 92. 59. 20
3006. 92. 59. 30
3006. 92. 59. 40
3006. 92. 59. 90
3006. 92. 91. 01
3006. 92. 91. 02
3006. 92. 91. 03
3006. 92. 91. 04
3006. 92. 91. 06
3006. 92. 91. 07
3006. 92. 91. 08
3006. 92. 91. 09
3006. 92. 91. 10
3006. 92. 91. 11
3006. 92. 91. 12
3006. 92. 91. 13
3006. 92. 91. 14
3006. 92. 91. 15
3006. 92. 91. 16
3006. 92. 91. 17
3006. 92. 91. 18
3006. 92. 91. 19
3006. 92. 91. 20
3006. 92. 91. 21
3006. 92. 91. 22
3006. 92. 91. 23
3006. 92. 91. 24
3006. 92. 91. 25
3006. 92. 91. 26
3006. 92. 91. 27
3006. 92. 91. 28
3006. 92. 91. 29
3006. 92. 91. 30
3006. 92. 91. 31
3006. 92. 91. 32
3006. 92. 91. 33
3006. 92. 91. 34
3006. 92. 91. 35
3006. 92. 91. 36
3006. 92. 91. 37
3006. 92. 94. 10
3006. 92. 94. 20
3006. 92. 94. 90
3006. 92. 95. 00
3006. 92. 96. 30
3006. 92. 96. 40
3006. 92. 96. 90
3006. 92. 99. 10
3204. 12
3205. 00
3208. 10
3208. 20
3208. 90. 90
3209. 10. 00
3209. 90. 90
3211. 00. 00. 00
3212. 90
3214
3215
3301
3302. 10. 10. 00
3302. 10. 20. 00
3302. 10. 70
3302. 90. 00. 00
3303. 00
3304
3305
3306
3307
3401
3401. 30. 00. 00
3402. 20. 00. 00
3402. 90. 13. 00
3402. 90. 17. 00
3402. 90. 90
3404. 90
3404. 90. 21. 00
3404. 90. 29. 00
3405
3406. 00. 00. 00
3407. 00
3501
3502
3503. 00
3504. 00. 00. 00
3505
3506
3605. 00
3701. 20. 91. 00
3701. 30. 10. 00
--- Page 12 (parsed text) --3
3702. 31. 10. 10
3702. 32. 10. 10
3702. 39. 10. 10
3702. 41. 10. 10
3702. 42. 10. 10
3702. 43. 10. 10
3702. 44. 10. 10
3704. 00
3705
3804. 00
3808
3809
3816. 00
3819. 00
3820. 00
3821. 00. 00. 91
3824. 40
3824. 50
3824. 74. 10. 00
3824. 75. 10. 00
3824. 76. 10. 00
3824. 78. 10. 00
3824. 81. 10. 00
3824. 82. 10. 00
3824. 83. 10. 00
3824. 99. 30. 00
3824. 99. 40. 00
3824. 99. 50. 00
3825. 10. 00. 10
3825. 20. 00. 10
3825. 30. 21. 00
3825. 30. 22. 00
3825. 30. 29. 00
3825. 30. 30. 00
3825. 30. 41. 00
3825. 30. 42
3825. 30. 43
3825. 30. 49
3825. 41. 00. 10
3825. 49. 00. 10
3825. 50. 00. 10
3825. 61. 00. 10
3825. 69. 00. 10
3825. 90. 00. 10
3901. 10. 10. 00
3901. 10. 20. 00
3901. 20. 10. 00
3901. 20. 20. 00
3901. 30. 10. 00
3901. 30. 30. 00
3901. 40. 10. 00
3901. 40. 30. 00
3901. 90. 15. 00
3901. 90. 35. 00
3902. 10. 10. 00
3902. 10. 20. 00
3902. 20. 10. 00
3902. 20. 20. 00
3902. 30. 10. 00
3902. 30. 20. 00
3902. 30. 30. 00
3902. 90. 10. 00
3902. 90. 30. 00
3903. 11. 10. 00
3903. 11. 20. 00
3903. 19. 10. 00
3903. 19. 20. 00
3903. 20. 10. 00
3903. 20. 20. 00
3903. 30. 10. 00
3903. 30. 20. 00
3903. 90. 10. 00
3903. 90. 20. 00
3904. 10
3904. 21
3904. 22
3904. 30. 10. 00
3904. 30. 20. 00
3904. 40. 10. 00
3904. 40. 30. 00
3904. 50. 10. 00
3904. 50. 20. 00
3904. 61. 10. 00
3904. 61. 20. 00
3904. 69. 10. 00
3904. 69. 30. 00
3904. 90. 11. 00
3904. 90. 15. 00
3904. 90. 21. 00
3904. 90. 25. 00
3904. 90. 91. 00
3904. 90. 96. 00
3905. 12. 00. 00
3905. 19. 10. 00
3905. 19. 20. 00
3905. 21. 10. 00
3905. 21. 90. 00
3905. 29. 11. 00
3905. 29. 15. 00
3905. 29. 91. 00
3905. 29. 96. 00
3905. 30. 11. 00
3905. 30. 19. 00
3905. 30. 20. 00
3905. 91. 11. 00
3905. 91. 19. 00
3905. 91. 20. 00
3905. 99. 11. 00
3905. 99. 19. 00
3905. 99. 20. 00
3905. 99. 91. 00
3905. 99. 96. 00
3906. 10. 10. 00
3906. 10. 20. 00
3906. 90. 11
3906. 90. 15. 00
3906. 90. 91. 00
3906. 90. 96. 00
3907. 30. 10. 00
3907. 50
3907. 61. 20. 00
3907. 61. 90. 00
3907. 69. 20. 00
3907. 69. 90. 00
3907. 70. 10. 00
3907. 70. 91. 00
3907. 91. 10. 00
3907. 91. 90. 00
3907. 99. 20. 00
3907. 99. 92. 00
3908. 10. 10. 00
3908. 10. 20. 00
3908. 90. 10. 00
3908. 90. 20. 00
3909. 10. 19. 00
3909. 10. 20. 00
3909. 10. 91
3909. 10. 99
3909. 20. 10. 00
3909. 20. 20. 00
3909. 31. 10. 00
3909. 31. 20. 00
3909. 39. 10. 00
3909. 39. 20. 00
3909. 40. 10. 00
3909. 40. 20. 00
3909. 50. 10. 00
3909. 50. 20. 00
3911. 10. 17. 00
3911. 10. 97. 00
3911. 90. 10. 00
3911. 90. 91. 00
3911. 90. 97. 00
3912. 12
3912. 20. 90. 00
3912. 31. 90. 00
3912. 39. 90
3912. 90. 10. 00
3912. 90. 29
3912. 90. 90. 00
3913. 90
3915
3916
3917
3918
3919
3920. 10
3920. 20
3920. 30. 00. 00
3920. 43. 20. 90
3920. 43. 80. 11
3920. 43. 80. 19
3920. 43. 80. 20
3920. 43. 80. 90
3920. 49. 20. 90
3920. 49. 80. 11
3920. 49. 80. 19
3920. 49. 80. 20
3920. 49. 80. 90
3920. 51. 10. 00
3920. 51. 20. 00
3920. 51. 90. 00
3920. 59. 10. 00
3920. 59. 20. 00
3920. 59. 90. 00
3920. 61. 00. 00
3920. 62. 11. 00
3920. 62. 17. 00
3920. 62. 90. 00
3920. 63. 00. 10
3920. 63. 00. 80
3920. 69. 00. 00
3920. 71. 11. 00
3920. 71. 17. 00
3920. 71. 90. 11
3920. 71. 90. 19
3920. 71. 90. 20
3920. 71. 90. 90
3920. 73. 00. 10
3920. 73. 00. 40
3920. 73. 00. 50
3920. 73. 00. 70
3920. 79. 00. 11
3920. 79. 00. 17
3920. 79. 00. 21
3920. 79. 00. 23
3920. 79. 00. 27
3920. 79. 00. 30
3920. 79. 00. 93
3920. 79. 00. 97
3920. 91. 00. 10
3920. 91. 00. 80
3920. 92. 10. 10
3920. 92. 10. 80
3920. 92. 90. 00
3920. 93. 00. 20
3920. 93. 00. 80
3920. 94. 00. 00
3920. 99
3921. 11. 00. 00
3921. 12
3921. 13
3921. 14. 00. 00
3921. 19. 13. 00
3921. 19. 18. 00
3921. 19. 20. 11
3921. 19. 20. 19
3921. 19. 20. 20
3921. 19. 20. 30
3921. 19. 20. 40
3921. 19. 20. 50
3921. 19. 20. 90
3921. 19. 21
3921. 19. 22
3921. 19. 26. 11
3921. 19. 26. 12
3921. 19. 26. 13
3921. 19. 26. 14
3921. 19. 26. 15
3921. 19. 26. 16
3921. 19. 26. 19
3921. 19. 26. 21
3921. 19. 26. 29
3921. 19. 26. 30
3921. 19. 26. 41
--- Page 13 (parsed text) --4
3921. 19. 26. 42
3921. 19. 26. 49
3921. 19. 26. 50
3921. 19. 50. 10
3921. 19. 50. 21
3921. 19. 50. 29
3921. 19. 50. 31
3921. 19. 50. 39
3921. 19. 50. 91
3921. 19. 50. 99
3921. 19. 60. 00
3921. 19. 70. 00
3921. 19. 80. 00
3921. 90. 11
3921. 90. 19
3921. 90. 31
3921. 90. 32
3921. 90. 39
3921. 90. 41
3921. 90. 42
3921. 90. 49
3921. 90. 51
3921. 90. 59
3921. 90. 60
3921. 90. 70
3921. 90. 81
3921. 90. 82
3921. 90. 89
3921. 90. 94
3921. 90. 95
3921. 90. 96
3921. 90. 98
3922
3923
3924
3925
3926
4004. 00. 23. 00
4004. 00. 29. 00
4005. 10. 20. 00
4005. 10. 90. 00
4005. 91. 10. 00
4005. 91. 99. 00
4005. 99. 10. 00
4006. 10. 10. 00
4006. 10. 90. 00
4006. 90. 12. 00
4006. 90. 13. 00
4006. 90. 19. 00
4006. 90. 91. 00
4006. 90. 99. 00
4008
4009. 11. 00. 00
4009. 12. 00. 00
4009. 21. 00. 00
4009. 22. 00. 00
4009. 31
4009. 32
4009. 41. 90
4009. 42
4010. 11. 90
4010. 12
4010. 19
4010. 31
4010. 32
4010. 33
4010. 34
4010. 35
4010. 36
4010. 39
4011. 10
4011. 20
4011. 40
4011. 50
4011. 70
4011. 80
4011. 90
4012. 90. 10
4012. 90. 31. 00
4012. 90. 40. 10
4012. 90. 90. 11
4012. 90. 90. 21
4012. 90. 90. 29
4013
4015. 19
4015. 90
4016. 10. 00. 00
4016. 91. 00. 00
4016. 92. 00. 00
4016. 93. 00. 00
4016. 94. 00. 00
4016. 95. 00. 00
4016. 99. 11. 00
4016. 99. 19. 00
4016. 99. 21. 00
4016. 99. 22. 00
4016. 99. 29. 00
4016. 99. 30. 00
4016. 99. 40. 00
4016. 99. 50. 00
4016. 99. 60. 00
4016. 99. 91. 00
4016. 99. 98. 00
4017. 00
4104
4105
4106
4107
4112. 00
4113. 10
4113. 20. 00. 90
4113. 30
4113. 90
4114. 10
4114. 20
4115. 10. 00. 00
4201. 00. 10. 00
4202
4203
4205. 00
4206
4302
4303
4304
4404
4405
4406
4407
4408
4409
4410
4411
4412
4413. 00
4414. 00
4415
4416
4417
4418
4419
4420
4421
4501
4502. 00
4503
4504
4601
4602
4701. 00. 90. 00
4702. 00. 39. 00
4702. 00. 99. 00
4703. 19. 90. 00
4703. 29. 90. 00
4704. 19. 90. 00
4704. 29. 90. 00
4705. 00. 90. 00
4707. 20
4707. 90
4801. 00. 10. 19
4801. 00. 20. 10
4802. 10. 00. 00
4802. 20
4802. 40. 00. 00
4802. 54
4802. 55
4802. 56
4802. 57
4802. 58
4802. 61. 17. 00
4802. 61. 20. 00
4802. 61. 80. 00
4802. 62. 15. 00
4802. 62. 20. 00
4802. 62. 80. 00
4802. 69. 10. 00
4802. 69. 20. 00
4802. 69. 80. 00
4803. 00
4804. 11
4804. 19
4804. 21
4804. 29
4804. 31. 80
4804. 39. 80
4804. 41
4804. 42
4804. 49
4804. 51
4804. 52
4804. 59
4805. 11
4805. 12
4805. 19
4805. 24. 90
4805. 25. 90
4805. 30
4805. 40
4805. 91. 80
4805. 92. 80
4805. 93. 80
4806
4807
4808. 10. 10
4808. 10. 27
4808. 10. 91
4808. 10. 99
4808. 40. 00. 10
4808. 40. 00. 90
4808. 90. 00. 00
4809. 20. 00. 00
4809. 90. 00. 00
4810
4811
4812. 00
4814
4816. 20
4816. 90. 10. 10
4816. 90. 10. 90
4816. 90. 90. 10
4816. 90. 90. 20
4816. 90. 90. 90
4817
4818
4819
4820
4821
4822
4823. 12
4823. 19
4823. 20. 17. 00
4823. 20. 90. 00
4823. 40
4823. 61
4823. 69
4823. 70
4823. 90. 05. 00
4823. 90. 11
4823. 90. 12
4823. 90. 15
4823. 90. 16
4823. 90. 18
4823. 90. 20
4823. 90. 31
4823. 90. 32
4823. 90. 33
--- Page 14 (parsed text) --5
4823. 90. 34
4823. 90. 35
4823. 90. 36
4823. 90. 37
4823. 90. 39
4823. 90. 41. 10
4823. 90. 41. 33
4823. 90. 41. 35
4823. 90. 41. 39
4823. 90. 41. 41
4823. 90. 41. 42
4823. 90. 41. 90
4823. 90. 42. 10
4823. 90. 42. 22
4823. 90. 42. 23
4823. 90. 42. 29
4823. 90. 42. 30
4823. 90. 42. 40
4823. 90. 42. 92
4823. 90. 42. 93
4823. 90. 42. 99
4823. 90. 43. 00
4823. 90. 44. 00
4823. 90. 45. 19
4823. 90. 45. 80
4823. 90. 49. 10
4823. 90. 49. 91
4823. 90. 49. 99
4823. 90. 50
4823. 90. 60
4823. 90. 92
4823. 90. 98
4901. 91. 10. 00
4901. 99. 10. 00
4901. 99. 91. 00
4902. 10. 10. 00
4902. 90. 10. 00
4903. 00. 00. 00
4904. 00. 10. 00
4907. 00. 40. 00
4907. 00. 50
4907. 00. 92. 00
4907. 00. 97. 00
4908. 10. 00. 19
4908. 10. 00. 99
4908. 90. 00. 19
4908. 90. 00. 99
4909. 00
4910. 00
4911. 10. 99
4911. 91
4911. 99. 99
5106
5107
5108. 10. 00. 40
5108. 10. 00. 50
5108. 10. 00. 60
5108. 10. 00. 80
5108. 20. 00. 40
5108. 20. 00. 50
5108. 20. 00. 60
5108. 20. 00. 80
5109. 10. 00. 00
5109. 90. 00. 00
5110. 00. 00. 13
5110. 00. 00. 19
5110. 00. 00. 80
5111. 11. 20. 10
5111. 11. 92. 10
5111. 11. 98. 10
5111. 11. 98. 90
5111. 19. 20. 10
5111. 19. 92. 10
5111. 19. 98. 10
5111. 19. 98. 90
5111. 20. 20. 10
5111. 20. 92. 10
5111. 20. 98. 00
5111. 30. 20. 10
5111. 30. 92. 10
5111. 30. 98. 10
5111. 30. 98. 20
5111. 30. 98. 90
5111. 90. 20. 10
5111. 90. 92. 10
5111. 90. 98. 10
5111. 90. 98. 20
5111. 90. 98. 90
5112. 11. 20. 10
5112. 11. 92. 10
5112. 11. 98. 10
5112. 11. 98. 90
5112. 19. 20. 10
5112. 19. 92. 10
5112. 19. 98. 10
5112. 19. 98. 90
5112. 20. 20. 10
5112. 20. 92. 10
5112. 20. 98. 00
5112. 30. 20. 10
5112. 30. 92. 10
5112. 30. 98. 10
5112. 30. 98. 20
5112. 30. 98. 90
5112. 90. 20. 10
5112. 90. 92. 10
5112. 90. 98. 10
5112. 90. 98. 20
5112. 90. 98. 90
5113. 00
5204
5205
5206
5207
5208
5209
5210
5211
5212
5306
5307
5308
5309
5310
5311. 00
5401
5402
5403
5404
5405. 00
5406
5407
5408
5508
5509
5510
5511
5512
5513
5514
5515
5516
5601. 21
5601. 22
5601. 29
5602
5603. 11. 21. 00
5603. 11. 23
5603. 11. 27
5603. 11. 90. 00
5603. 12. 10. 00
5603. 12. 21. 00
5603. 12. 23
5603. 12. 27
5603. 12. 90. 00
5603. 13. 10. 00
5603. 13. 21. 00
5603. 13. 23
5603. 13. 27
5603. 13. 90. 00
5603. 14. 10. 00
5603. 14. 21. 00
5603. 14. 29. 00
5603. 14. 90. 00
5603. 91. 10. 00
5603. 91. 21. 00
5603. 91. 24
5603. 91. 25
5603. 91. 27
5603. 91. 90. 00
5603. 92. 10. 00
5603. 92. 21. 00
5603. 92. 23. 00
5603. 92. 25. 00
5603. 92. 28. 00
5603. 92. 90. 00
5603. 93. 10. 00
5603. 93. 21. 00
5603. 93. 23. 00
5603. 93. 27. 00
5603. 93. 90. 00
5603. 94. 10. 00
5603. 94. 21. 00
5603. 94. 29. 00
5603. 94. 90. 00
5604. 10. 00. 00
5604. 90. 10. 10
5604. 90. 10. 90
5604. 90. 20. 10
5604. 90. 20. 90
5604. 90. 49. 00
5604. 90. 51. 00
5604. 90. 53. 00
5604. 90. 59. 00
5604. 90. 60. 00
5604. 90. 90. 10
5604. 90. 90. 20
5604. 90. 90. 30
5604. 90. 90. 41
5604. 90. 90. 49
5604. 90. 90. 90
5605. 00
5606. 00
5607
5608. 11. 90. 00
5608. 19
5608. 90. 10. 90
5608. 90. 20. 90
5608. 90. 30
5608. 90. 90
5609. 00. 00. 00
5703
5704
5801. 10
5801. 21
5801. 22
5801. 23
5801. 26
5801. 27. 10. 00
5801. 27. 21. 00
5801. 27. 29. 00
5801. 27. 90. 10
5801. 27. 90. 20
5801. 27. 90. 90
5801. 31
5801. 32
5801. 33
5801. 36
5801. 37. 10. 00
5801. 37. 21. 00
5801. 37. 29. 00
5801. 37. 90. 00
5801. 90
5802. 11
5802. 19
5802. 20
5802. 30
5803. 00. 10. 11
5803. 00. 10. 19
5803. 00. 10. 91
5803. 00. 10. 99
5803. 00. 90. 10
5803. 00. 90. 21
5803. 00. 90. 29
5803. 00. 90. 30
--- Page 15 (parsed text) --6
5803. 00. 90. 40
5803. 00. 90. 50
5803. 00. 90. 90
5804. 10
5804. 21
5804. 29
5806. 10
5806. 20
5806. 31
5806. 32
5806. 39
5806. 40
5807. 10
5807. 90
5808. 10
5808. 90
5809. 00
5810. 10
5810. 91
5810. 92
5810. 99
5901
5902. 10. 20. 00
5902. 10. 90. 00
5902. 20. 20. 00
5902. 20. 90. 00
5902. 90. 20. 00
5902. 90. 90. 00
5903. 10. 90
5903. 20. 90
5903. 90. 90
5904
5905. 00
5906. 10
5906. 91. 00
5906. 99. 90
5907. 00. 20
5907. 00. 90
6001
6002
6003. 10
6003. 20
6003. 30
6003. 40
6003. 90
6004. 10
6004. 90
6005. 21
6005. 22
6005. 23
6005. 24
6005. 35. 00. 00
6005. 36
6005. 37
6005. 38
6005. 39
6005. 41
6005. 42
6005. 43
6005. 44
6005. 90. 20. 11
6005. 90. 20. 19
6005. 90. 93. 00
6005. 90. 97. 11
6005. 90. 97. 19
6006. 10
6006. 21
6006. 22
6006. 23
6006. 24
6006. 31
6006. 32
6006. 33
6006. 34
6006. 41
6006. 42
6006. 43
6006. 44
6006. 90
6101
6102
6103
6104
6105
6106
6107
6108
6109
6110
6111
6112
6113
6114
6115. 10. 00. 90
6115. 21
6115. 22
6115. 29
6115. 30
6115. 94. 10
6115. 94. 90. 10
6115. 94. 90. 90
6115. 95. 10. 00
6115. 95. 90
6115. 96. 10
6115. 96. 90. 00
6115. 99. 10. 00
6115. 99. 90. 10
6115. 99. 90. 90
6116
6117
6201
6202
6203
6204
6205
6206
6207
6208
6209
6210
6211
6212
6213
6214. 20
6214. 30
6214. 40
6214. 90
6215. 20
6215. 90
6216. 00
6217
6301
6302
6303
6304
6305
6306
6307. 20
6307. 90
6308. 00
6310. 10. 90
6310. 90. 90
6401
6402
6403
6404
6405
6406
6501. 00
6502. 00
6504. 00
6505. 00. 10. 10
6505. 00. 10. 90
6505. 00. 20. 00
6505. 90. 00. 11
6505. 90. 00. 19
6505. 90. 00. 30
6505. 90. 00. 91
6505. 90. 00. 99
6506
6507. 00
6601. 10. 00. 00
6801. 00
6802
6803. 00
6804
6805
6806. 10. 00. 00
6806. 90. 00. 00
6807
6808. 00. 00. 00
6809
6810
6811
6812
6813
6814
6815. 20. 00. 00
6815. 91
6815. 99. 10
6815. 99. 90
6901. 00
6902. 20
6902. 90
6903. 20
6903. 90
6904
6905
6906. 00
6907
6910
6911
6912. 00
6913
7007
7009
7010. 10
7010. 20
7010. 90
7013
7020. 00
7210. 20
7210. 41
7210. 49
7210. 70
7210. 90
7212. 30
7212. 40. 10. 00
7212. 40. 20. 00
7212. 40. 39
7212. 40. 91. 00
7212. 40. 99. 00
7212. 50. 40. 00
7212. 50. 51. 00
7212. 50. 52. 00
7212. 50. 59. 00
7212. 50. 63. 00
7212. 50. 90. 00
7212. 60. 30. 00
7212. 60. 99. 00
7215. 50. 21. 00
7215. 50. 29. 00
7215. 90. 19. 00
7217. 10. 90
7217. 20. 99. 00
7217. 30. 91. 00
7217. 90. 90. 00
7301. 20. 00. 00
7305. 11. 10
7305. 11. 91. 00
7305. 12. 10
7305. 12. 91. 00
7305. 19. 10
7305. 19. 91. 00
7305. 20. 10
7305. 20. 91. 00
7305. 31. 10. 00
7305. 31. 20
7305. 31. 91. 00
7305. 39. 10. 00
7305. 39. 20
7305. 39. 91. 00
7305. 90. 10. 00
7305. 90. 20
7305. 90. 91. 00
--- Page 16 (parsed text) --7
7306. 11. 10
7306. 11. 91
7306. 19. 10
7306. 19. 91
7306. 21. 10
7306. 21. 91
7306. 29. 10
7306. 29. 91
7306. 30. 10
7306. 30. 91. 00
7306. 40. 11. 00
7306. 40. 91. 00
7306. 50. 10
7306. 50. 91. 00
7306. 61. 10
7306. 61. 90
7306. 69. 10. 00
7306. 90. 10
7306. 90. 91. 00
7307
7308
7309. 00. 10. 00
7309. 00. 20. 00
7309. 00. 39
7309. 00. 89. 00
7310
7311. 00. 79
7313. 00
7314. 12
7314. 14
7314. 19. 90. 10
7314. 19. 90. 90
7314. 20
7314. 31. 00. 00
7314. 39
7314. 41
7314. 42. 00. 00
7314. 49
7314. 50. 00. 00
7315
7317. 00
7318. 11. 00. 00
7318. 12. 90
7318. 13. 90. 00
7318. 14. 90
7318. 15. 90
7318. 16. 20
7318. 16. 80
7318. 19. 90. 00
7318. 21. 90
7318. 22. 90
7318. 23. 21. 00
7318. 23. 29. 00
7318. 23. 91. 00
7318. 23. 99. 00
7318. 24. 90. 00
7318. 29. 20
7318. 29. 80
7320
7321. 11
7321. 12
7321. 19. 10. 00
7321. 19. 90. 10
7321. 19. 90. 90
7321. 81
7321. 82. 00. 00
7321. 89. 00. 00
7321. 90. 20. 00
7321. 90. 30. 00
7321. 90. 90. 00
7322
7323. 10. 00. 00
7323. 91
7323. 92
7323. 93
7323. 94
7323. 99. 10. 00
7323. 99. 90
7324
7325
7326
7408. 19. 10. 00
7408. 21. 21
7408. 21. 49. 00
7408. 21. 99. 00
7408. 22. 21
7408. 22. 49. 00
7408. 22. 99. 00
7408. 29. 21
7408. 29. 49. 00
7408. 29. 99. 00
7411
7412
7413. 00. 00. 00
7415. 10. 00
7415. 21. 21. 00
7415. 21. 29. 00
7415. 21. 91. 00
7415. 21. 99. 00
7415. 29. 21. 00
7415. 29. 29. 00
7415. 29. 91. 00
7415. 29. 99. 00
7415. 33. 19
7415. 33. 99
7415. 39. 90
7418
7419. 10. 00
7419. 91. 10
7419. 91. 20. 00
7419. 91. 40
7419. 91. 90
7419. 99. 10
7419. 99. 20
7419. 99. 40
7419. 99. 61. 11
7419. 99. 61. 19
7419. 99. 61. 90
7419. 99. 69. 10
7419. 99. 69. 91
7419. 99. 69. 99
7419. 99. 90
7419. 99. 90. 40
7508. 10. 00. 00
7508. 90. 29
7508. 90. 30. 00
7508. 90. 90. 00
7604. 10. 10. 00
7604. 10. 20. 00
7604. 10. 39. 00
7604. 10. 59. 00
7604. 10. 99. 00
7604. 21. 00
7604. 29. 10. 00
7604. 29. 29. 00
7604. 29. 49. 00
7604. 29. 99. 00
7605. 19. 10. 00
7605. 19. 29. 00
7605. 29. 10. 00
7605. 29. 29. 00
7607. 19. 90. 00
7607. 20. 00
7608
7609. 00
7610
7611. 00
7612
7613. 00
7614
7615
7616
7616. 10. 20. 00
7616. 10. 90. 00
7616. 91. 00
7616. 99. 10. 00
7616. 99. 20. 00
7616. 99. 30. 00
7616. 99. 40. 00
7616. 99. 60. 00
7907. 00. 90
8003. 00
8007. 00. 00. 10
8007. 00. 00. 20
8007. 00. 00. 30
8007. 00. 00. 41
8007. 00. 00. 49
8007. 00. 00. 60
8007. 00. 00. 90
8201. 10
8201. 30
8201. 40
8201. 90
8202. 20. 10. 00
8202. 20. 90. 00
8202. 91. 00
8205. 20
8205. 59. 10
8211
8214
8215
8301. 20
8301. 30
8301. 40
8301. 50. 00. 00
8301. 60. 00. 00
8301. 70. 00. 00
8302. 10
8302. 30
8302. 41
8302. 42
8302. 49
8302. 50. 00. 00
8302. 60. 00. 00
8303. 00
8304. 00
8305
8306
8307
8309
8310. 00
8311
8402. 12. 91. 00
8402. 12. 99. 00
8402. 19. 91. 00
8402. 19. 99
8402. 20. 00. 00
8403. 10. 00
8403. 90. 00
8407. 31
8407. 32
8408. 20. 10. 00
8408. 20. 21. 00
8408. 20. 29. 00
8408. 20. 90. 00
8409. 91. 21. 00
8409. 91. 30
8409. 91. 41. 00
8409. 91. 50. 00
8409. 99. 21. 00
8409. 99. 29. 00
8409. 99. 30
8409. 99. 50. 00
8413. 70. 12. 00
8413. 70. 21. 00
8413. 70. 29. 11
8413. 70. 29. 19
8413. 70. 30. 00
8413. 70. 40. 00
8413. 70. 51. 00
8413. 70. 59. 00
8413. 70. 91. 00
8413. 70. 92. 00
8413. 70. 93. 00
8413. 70. 98. 00
8414. 51. 11. 00
8414. 59. 10. 00
8414. 60. 10. 00
8417. 20. 90. 00
8418. 10. 00
8418. 21. 00
8418. 29. 10
8418. 29. 90
8418. 30. 00
8418. 40. 00
--- Page 17 (parsed text) --8
8418. 50. 20. 00
8418. 50. 80
8418. 91. 00
8419. 11
8419. 19
8419. 81. 20
8419. 90. 10
8419. 90. 20
8421. 23. 10
8421. 23. 90
8421. 29. 10. 00
8421. 31. 00. 00
8421. 39. 10. 00
8421. 99. 21. 00
8421. 99. 91. 00
8421. 99. 99. 00
8424. 10. 00. 00
8426. 11. 11
8426. 11. 19
8428. 33. 90. 00
8431. 39. 15. 00
8431. 41. 19. 00
8431. 41. 90. 00
8431. 42. 00. 00
8431. 49. 21. 00
8431. 49. 23. 00
8431. 49. 24. 00
8431. 49. 90
8432. 10. 10. 00
8432. 10. 90
8432. 90
8438. 10. 10. 00
8450. 11
8450. 12
8450. 19
8474. 31. 11. 00
8474. 90. 10. 00
8474. 90. 91. 00
8474. 90. 98. 00
8479. 89. 20
8481
8483. 10. 11. 00
8483. 10. 21. 00
8483. 50. 00. 00
8483. 60. 10. 00
8483. 90. 00. 00
8484
8486. 90. 70. 00
8487. 90
8502. 11. 00
8504. 10
8504. 21. 89. 00
8504. 21. 99. 00
8504. 22. 21
8504. 22. 29
8504. 22. 99. 00
8504. 23. 81. 00
8504. 23. 89. 00
8504. 23. 99. 00
8504. 31. 10. 00
8504. 31. 93. 00
8504. 31. 98. 00
8504. 32. 10. 00
8504. 32. 92. 00
8504. 32. 98. 00
8504. 33. 91. 00
8504. 33. 99. 00
8504. 34. 81. 00
8504. 34. 89. 00
8504. 34. 99. 00
8504. 40. 10. 00
8504. 40. 99
8504. 50. 00. 00
8506. 10
8506. 30
8506. 40
8506. 50
8506. 60
8506. 80
8506. 90. 90. 00
8507. 10. 00
8507. 20. 00
8507. 30
8507. 40
8507. 50. 10. 00
8507. 50. 90. 00
8507. 60. 10. 00
8507. 60. 90. 00
8507. 80
8516. 10. 10. 00
8516. 21. 00. 00
8516. 29. 00. 00
8516. 60. 00. 00
8516. 80. 00. 00
8516. 90. 10. 00
8516. 90. 90. 00
8529. 10. 23. 00
8535. 10
8535. 21
8535. 29
8535. 30
8535. 90
8536. 10
8536. 20
8536. 30
8536. 50
8536. 61
8536. 69
8536. 70. 20. 00
8536. 70. 90. 00
8536. 90. 10. 00
8536. 90. 30. 00
8536. 90. 90
8537
8538
8544. 11
8544. 19
8544. 20
8544. 42. 10. 11
8544. 42. 10. 19
8544. 42. 10. 21
8544. 42. 10. 29
8544. 42. 10. 91
8544. 42. 10. 99
8544. 42. 90. 11
8544. 42. 90. 19
8544. 42. 90. 21
8544. 42. 90. 29
8544. 42. 90. 91
8544. 42. 90. 99
8544. 49. 10. 11
8544. 49. 10. 19
8544. 49. 10. 21
8544. 49. 10. 29
8544. 49. 10. 30
8544. 49. 10. 40
8544. 49. 10. 51
8544. 49. 10. 59
8544. 49. 10. 61
8544. 49. 10. 69
8544. 49. 10. 90
8544. 49. 90. 11
8544. 49. 90. 19
8544. 49. 90. 21
8544. 49. 90. 29
8544. 49. 90. 30
8544. 49. 90. 40
8544. 49. 90. 51
8544. 49. 90. 59
8544. 49. 90. 61
8544. 49. 90. 69
8544. 49. 90. 90
8544. 60
8605. 00
8606. 10
8606. 91. 00. 19
8606. 91. 00. 99
8606. 92
8606. 99
8701. 20. 90
8701. 94. 40. 11
8701. 94. 40. 19
8701. 95. 40. 11
8701. 95. 40. 19
8702. 10. 93
8702. 10. 95
8702. 10. 97
8702. 20. 91
8702. 20. 92
8702. 20. 99
8702. 30. 91
8702. 30. 92
8702. 30. 99
8702. 90. 23
8702. 90. 24
8702. 90. 28
8702. 90. 80. 00
8703. 10
8703. 21. 10
8703. 21. 20. 00
8703. 21. 31. 00
8703. 21. 39. 00
8703. 21. 83
8703. 21. 87
8703. 22. 10
8703. 22. 20. 00
8703. 22. 31. 00
8703. 22. 39. 00
8703. 22. 83. 00
8703. 22. 88. 00
8703. 23. 10
8703. 23. 20. 00
8703. 23. 31. 00
8703. 23. 39. 00
8703. 23. 43. 00
8703. 23. 48. 00
8703. 23. 53. 00
8703. 23. 58. 00
8703. 23. 83. 00
8703. 23. 88. 00
8703. 24. 10
8703. 24. 20. 00
8703. 24. 31. 00
8703. 24. 39. 00
8703. 24. 83. 00
8703. 24. 88. 00
8703. 31. 10
8703. 31. 20. 00
8703. 31. 31. 00
8703. 31. 39. 00
8703. 31. 41. 00
8703. 31. 49. 00
8703. 31. 81. 00
8703. 31. 89. 00
8703. 32. 10. 00
8703. 32. 20. 00
8703. 32. 31. 00
8703. 32. 39. 00
8703. 32. 43. 00
8703. 32. 48. 00
8703. 32. 53
8703. 32. 58
8703. 32. 83
8703. 32. 88
8703. 33. 10. 00
8703. 33. 20. 00
8703. 33. 31. 00
8703. 33. 39. 00
8703. 33. 83
8703. 33. 88
8703. 40. 90
8703. 50. 90
8703. 60. 90
8703. 70. 90
8703. 90. 30
8703. 90. 80
8704. 21. 99
8704. 22. 20
8704. 22. 91
8704. 22. 99
8704. 23. 20
8704. 23. 80
8704. 31. 90
8704. 32. 90
8704. 90. 99
--- Page 18 (parsed text) --9
8705. 10
8705. 90. 98
8706. 00
8707
8708. 10. 00. 00
8708. 21. 00. 00
8708. 29
8708. 30. 10. 00
8708. 30. 90. 91
8708. 80. 00. 11
8708. 80. 00. 21
8708. 80. 00. 32
8708. 80. 00. 39
8708. 80. 00. 41
8708. 80. 00. 49
8708. 91
8708. 92. 10. 00
8708. 93. 10. 00
8708. 93. 92. 00
8708. 94. 90. 21
8708. 94. 90. 29
8708. 99. 10. 00
8708. 99. 20
8708. 99. 30. 00
8708. 99. 40. 00
8708. 99. 50. 00
8711
8712. 00
8714. 10. 10. 10
8714. 10. 10. 90
8714. 10. 90. 11
8714. 10. 90. 12
8714. 10. 90. 13
8714. 10. 90. 14
8714. 10. 90. 19
8714. 10. 90. 91
8714. 10. 90. 92
8714. 10. 90. 93
8714. 10. 90. 94
8714. 10. 90. 95
8714. 10. 90. 96
8714. 10. 90. 99
8714. 91
8714. 92
8714. 93
8714. 94
8714. 95
8714. 96
8714. 99
8715. 00. 00. 00
8716. 10. 19. 00
8716. 10. 90. 00
8716. 20. 19. 00
8716. 20. 90
8716. 31. 19. 00
8716. 31. 20
8716. 31. 91
8716. 31. 98
8716. 39. 29. 00
8716. 39. 30
8716. 39. 70
8716. 40. 19. 00
8716. 40. 90
8716. 80
8716. 90
9003. 11. 00. 00
9003. 19
9004
9021. 21
9021. 39. 10. 00
9028. 10. 00. 00
9028. 20
9028. 30
9028. 90. 17
9028. 90. 90. 00
9401
9402. 90
9403
9404
9405. 10
9405. 20
9405. 30
9405. 40
9405. 50
9405. 60
9405. 91. 80
9405. 92. 90. 00
9405. 99. 21. 00
9405. 99. 22. 00
9405. 99. 23. 00
9405. 99. 29
9405. 99. 31. 00
9405. 99. 39. 00
9405. 99. 40. 00
9405. 99. 51. 00
9405. 99. 59. 00
9405. 99. 61. 00
9405. 99. 69. 00
9405. 99. 71. 00
9405. 99. 79. 00
9405. 99. 91. 00
9405. 99. 92. 00
9405. 99. 93. 00
9405. 99. 94
9405. 99. 99. 00
9406. 10
9406. 90
9504. 40
9603
9604. 00
9607
9608
9609
9610. 00
9611. 00
9615
9616
9619. 00. 10. 11
9619. 00. 10. 12
9619. 00. 10. 90
9619. 00. 20. 11
9619. 00. 20. 19
9619. 00. 20. 90
9619. 00. 31. 10
9619. 00. 31. 90
9619. 00. 39. 00
9619. 00. 90. 10
9619. 00. 90. 21
9619. 00. 90. 29
9619. 00. 90. 90
9620. 00. 00. 11
9620. 00. 00. 93